# Max2Obj Version 4.0 Mar 10th, 2001
#
# object space_cruiser_4 to come ...
#
v  -14.941190 0.743424 4.230184
v  14.941190 0.743424 5.179943
v  14.941190 1.778304 5.179943
v  14.941190 2.992740 -0.000000
v  8.964714 0.743424 9.357377
v  2.988239 0.743424 9.357377
v  -2.988238 0.743424 6.823578
v  -8.964715 0.743424 6.823578
v  -8.964714 1.787686 6.823577
v  -2.988238 1.787686 6.823577
v  2.988239 1.779420 9.357377
v  8.964716 1.779420 9.357377
v  -2.988238 4.802996 -0.000000
v  -8.964715 4.166564 -0.000000
v  14.941190 2.992740 3.411789
v  -14.941190 1.803059 4.230184
v  8.964716 4.166564 4.254240
v  2.988239 4.802996 4.254240
v  -8.964715 4.166564 4.258752
v  -2.988238 4.802996 4.258752
v  -13.506586 0.743424 3.288858
v  -13.506586 0.743424 -0.000000
v  13.506586 0.743424 -0.000000
v  13.506586 0.743424 4.664115
v  8.673164 0.743424 7.922773
v  3.279788 0.743424 7.922773
v  -2.696689 0.743424 5.388975
v  -8.666870 0.743424 5.388974
v  -11.058834 -1.831426 2.786669
v  -11.058834 -1.831426 -0.000000
v  12.233620 -1.831426 -0.000000
v  12.233620 -1.831426 3.645222
v  8.673164 -1.831426 6.357002
v  3.279788 -1.831426 6.357002
v  -2.696689 -1.831426 3.823203
v  -8.666870 -1.831426 3.823203
v  14.941190 2.550813 -0.000000
v  14.941190 2.522733 3.456124
v  14.941190 1.514646 4.649854
v  14.941190 0.743424 4.654879
v  13.506586 2.502888 -0.000000
v  13.506586 1.523413 4.664115
v  13.506586 2.502888 3.563129
v  12.003354 0.383790 0.147814
v  12.003354 1.251272 0.345812
v  12.003354 1.946939 0.900587
v  12.003354 2.333005 1.702261
v  12.003354 2.333005 2.592052
v  12.003354 1.946939 3.393726
v  12.003354 1.251272 3.948501
v  12.003354 0.383790 4.146499
v  12.003354 -0.483692 3.948501
v  12.003354 -1.179358 3.393726
v  12.003354 -1.565424 2.592052
v  12.003354 -1.565424 1.702261
v  12.003354 -1.179358 0.900587
v  12.003354 -0.483691 0.345812
v  14.823045 0.383790 0.147814
v  14.823045 1.251272 0.345811
v  14.823045 1.946939 0.900587
v  14.823045 2.333004 1.702261
v  14.823045 2.333004 2.592052
v  14.823045 1.946939 3.393726
v  14.823045 1.251272 3.948501
v  14.823045 0.383790 4.146499
v  14.823045 -0.483692 3.948501
v  14.823045 -1.179358 3.393726
v  14.823045 -1.565424 2.592052
v  14.823045 -1.565424 1.702261
v  14.823045 -1.179358 0.900587
v  14.823045 -0.483692 0.345811
v  14.823045 0.383790 0.580086
v  14.823045 1.063717 0.735275
v  14.823045 1.608976 1.170104
v  14.823045 1.911571 1.798450
v  14.823045 1.911571 2.495862
v  14.823045 1.608975 3.124209
v  14.823045 1.063717 3.559038
v  14.823045 0.383790 3.714227
v  14.823045 -0.296136 3.559038
v  14.823045 -0.841395 3.124209
v  14.823045 -1.143991 2.495862
v  14.823045 -1.143991 1.798450
v  14.823045 -0.841395 1.170104
v  14.823045 -0.296136 0.735275
v  14.199599 0.383790 1.146727
v  14.199599 0.817860 1.245801
v  14.199598 1.165957 1.523399
v  14.199599 1.359136 1.924540
v  14.199599 1.359136 2.369773
v  14.199599 1.165957 2.770914
v  14.199599 0.817860 3.048512
v  14.199599 0.383790 3.147585
v  14.199599 -0.050279 3.048512
v  14.199599 -0.398376 2.770914
v  14.199598 -0.591556 2.369773
v  14.199599 -0.591556 1.924540
v  14.199599 -0.398376 1.523399
v  14.199599 -0.050279 1.245801
v  3.863408 -1.285866 6.551476
v  8.098591 -1.285866 6.551476
v  3.863408 0.315021 7.524978
v  8.098591 0.315021 7.524978
v  3.863408 -2.084004 7.839174
v  8.098591 -2.084004 7.839174
v  3.863408 -0.483118 8.812675
v  8.098591 -0.483118 8.812675
v  10.382426 -2.408506 12.372674
v  10.382426 -0.928630 11.891833
v  10.382426 -0.014017 10.632976
v  10.382426 -0.014017 9.076943
v  10.382426 -0.928631 7.818086
v  10.382426 -2.408506 7.337245
v  10.382426 -3.888382 7.818086
v  10.382426 -4.802996 9.076943
v  10.382426 -4.802996 10.632976
v  10.382426 -3.888382 11.891835
v  0.810938 -2.408507 12.372673
v  0.810938 -0.928631 11.891831
v  0.810938 -0.014017 10.632975
v  0.810939 -0.014017 9.076940
v  0.810939 -0.928631 7.818083
v  0.810939 -2.408507 7.337242
v  0.810939 -3.888383 7.818083
v  0.810939 -4.802996 9.076941
v  0.810939 -4.802996 10.632975
v  0.810938 -3.888382 11.891831
v  11.468500 -1.484226 11.127122
v  11.468500 -2.408506 11.427439
v  11.468501 -3.332786 11.127122
v  11.468501 -3.904023 10.340882
v  11.468501 -3.904023 9.369037
v  11.468501 -3.332787 8.582797
v  11.468501 -2.408506 8.282480
v  11.468501 -1.484226 8.582797
v  11.468501 -0.912990 9.369037
v  11.468501 -0.912989 10.340882
v  0.900573 -0.651078 10.307686
v  0.900573 -0.268632 10.086882
v  -0.253506 -0.268632 10.086882
v  -0.253506 -0.651078 10.307686
v  0.900573 -0.268632 9.645271
v  -0.253506 -0.268632 9.645271
v  0.900573 -0.651078 9.424466
v  -0.253506 -0.651078 9.424466
v  0.900573 -1.033523 9.645271
v  -0.253506 -1.033523 9.645271
v  0.900573 -1.033523 10.086882
v  -0.253506 -1.033523 10.086882
v  0.900573 -0.845691 8.932396
v  0.900573 -0.731394 8.505835
v  -0.253506 -0.731394 8.505835
v  -0.253506 -0.845691 8.932396
v  0.900573 -1.043659 8.193569
v  -0.253506 -1.043659 8.193569
v  0.900573 -1.470222 8.307866
v  -0.253506 -1.470222 8.307866
v  0.900573 -1.584518 8.734428
v  -0.253506 -1.584518 8.734428
v  0.900573 -1.272253 9.046694
v  -0.253506 -1.272253 9.046694
v  0.900573 -1.955777 8.097531
v  0.900573 -2.176581 7.715086
v  -0.253506 -2.176581 7.715086
v  -0.253506 -1.955777 8.097531
v  0.900573 -2.618191 7.715086
v  -0.253506 -2.618191 7.715086
v  0.900573 -2.838996 8.097531
v  -0.253506 -2.838996 8.097531
v  0.900573 -2.618191 8.479977
v  -0.253506 -2.618191 8.479977
v  0.900573 -2.176581 8.479977
v  -0.253506 -2.176581 8.479977
v  0.900573 -3.331066 8.292143
v  0.900573 -3.757628 8.177846
v  -0.253506 -3.757628 8.177846
v  -0.253506 -3.331066 8.292143
v  0.900573 -4.069894 8.490111
v  -0.253506 -4.069894 8.490111
v  0.900573 -3.955596 8.916674
v  -0.253506 -3.955596 8.916674
v  0.900573 -3.529034 9.030971
v  -0.253506 -3.529034 9.030971
v  0.900573 -3.216768 8.718705
v  -0.253506 -3.216768 8.718705
v  0.900573 -4.165934 9.402230
v  0.900573 -4.548379 9.623034
v  -0.253506 -4.548379 9.623034
v  -0.253506 -4.165934 9.402230
v  0.900573 -4.548379 10.064645
v  -0.253506 -4.548379 10.064645
v  0.900573 -4.165933 10.285450
v  -0.253506 -4.165933 10.285450
v  0.900573 -3.783488 10.064645
v  -0.253506 -3.783488 10.064645
v  0.900573 -3.783488 9.623034
v  -0.253506 -3.783488 9.623034
v  0.900573 -3.971317 10.777520
v  0.900573 -4.085614 11.204082
v  -0.253506 -4.085614 11.204082
v  -0.253506 -3.971317 10.777520
v  0.900573 -3.773349 11.516347
v  -0.253506 -3.773349 11.516347
v  0.900573 -3.346786 11.402050
v  -0.253506 -3.346786 11.402050
v  0.900573 -3.232489 10.975488
v  -0.253506 -3.232489 10.975488
v  0.900573 -3.544755 10.663222
v  -0.253506 -3.544755 10.663222
v  0.900573 -2.861232 11.612385
v  0.900573 -2.640428 11.994830
v  -0.253506 -2.640428 11.994830
v  -0.253506 -2.861232 11.612385
v  0.900573 -2.198818 11.994830
v  -0.253506 -2.198818 11.994830
v  0.900573 -1.978013 11.612385
v  -0.253506 -1.978013 11.612385
v  0.900573 -2.198818 11.229939
v  -0.253506 -2.198818 11.229939
v  0.900573 -2.640428 11.229939
v  -0.253506 -2.640428 11.229939
v  0.900573 -1.485941 11.417774
v  0.900573 -1.059380 11.532071
v  -0.253506 -1.059380 11.532071
v  -0.253506 -1.485941 11.417774
v  0.900573 -0.747114 11.219806
v  -0.253506 -0.747114 11.219806
v  0.900573 -0.861411 10.793243
v  -0.253506 -0.861411 10.793243
v  0.900573 -1.287973 10.678946
v  -0.253506 -1.287973 10.678946
v  0.900573 -1.600239 10.991212
v  -0.253506 -1.600239 10.991212
v  -2.696689 -1.831426 -3.823203
v  -8.666870 -1.831426 -3.823203
v  -11.058834 -1.831426 -2.786669
v  -2.988238 1.787686 -6.823577
v  2.988239 4.802996 -4.254240
v  -2.988238 4.802996 -4.258752
v  -2.988238 0.743424 -6.823578
v  2.988239 0.743424 -9.357377
v  2.988239 1.779420 -9.357377
v  -14.941190 0.743424 -0.000000
v  -14.941190 0.743424 -4.230184
v  -14.941190 1.803059 -4.230184
v  -14.941190 1.803059 -0.000000
v  8.964716 1.779420 -9.357377
v  14.941190 1.778304 -5.179943
v  14.941190 2.992740 -3.411789
v  8.964716 4.166564 -4.254240
v  -8.964715 4.166564 -4.258752
v  8.964714 0.743424 -9.357377
v  14.941190 0.743424 -5.179943
v  -8.964714 1.787686 -6.823577
v  -8.964715 0.743424 -6.823578
v  2.988239 4.802996 -0.000000
v  8.964714 4.166564 -0.000000
v  -13.506586 0.743424 -3.288858
v  8.673164 0.743424 -7.922773
v  13.506586 0.743424 -4.664115
v  3.279788 0.743424 -7.922773
v  -2.696689 0.743424 -5.388975
v  -8.666870 0.743424 -5.388974
v  12.233620 -1.831426 -3.645222
v  8.673164 -1.831426 -6.357002
v  3.279788 -1.831426 -6.357002
v  14.941190 2.522733 -3.456124
v  14.941190 1.514646 -4.649854
v  14.941190 0.743424 -4.654879
v  13.506586 2.502888 -3.563129
v  13.506586 1.523413 -4.664115
v  12.003354 0.383790 -0.147814
v  12.003354 1.251272 -0.345812
v  14.823045 1.251272 -0.345811
v  14.823045 0.383790 -0.147814
v  12.003354 1.946939 -0.900587
v  14.823045 1.946939 -0.900587
v  12.003354 2.333005 -1.702261
v  14.823045 2.333004 -1.702261
v  12.003354 2.333005 -2.592052
v  14.823045 2.333004 -2.592052
v  12.003354 1.946939 -3.393726
v  14.823045 1.946939 -3.393726
v  12.003354 1.251272 -3.948501
v  14.823045 1.251272 -3.948501
v  12.003354 0.383790 -4.146499
v  14.823045 0.383790 -4.146499
v  12.003354 -0.483692 -3.948501
v  14.823045 -0.483692 -3.948501
v  12.003354 -1.179358 -3.393726
v  14.823045 -1.179358 -3.393726
v  12.003354 -1.565424 -2.592052
v  14.823045 -1.565424 -2.592052
v  12.003354 -1.565424 -1.702261
v  14.823045 -1.565424 -1.702261
v  12.003354 -1.179358 -0.900587
v  14.823045 -1.179358 -0.900587
v  12.003354 -0.483691 -0.345812
v  14.823045 -0.483692 -0.345811
v  14.199599 0.383790 -1.146727
v  14.199599 -0.591556 -1.924540
v  14.199599 -0.398376 -1.523399
v  14.199599 -0.050279 -1.245801
v  14.823045 1.063717 -0.735275
v  14.823045 0.383790 -0.580086
v  14.823045 1.608976 -1.170104
v  14.823045 1.911571 -1.798450
v  14.823045 1.911571 -2.495862
v  14.823045 1.608975 -3.124209
v  14.823045 1.063717 -3.559038
v  14.823045 0.383790 -3.714227
v  14.823045 -0.296136 -3.559038
v  14.823045 -0.841395 -3.124209
v  14.823045 -1.143991 -2.495862
v  14.823045 -1.143991 -1.798450
v  14.823045 -0.841395 -1.170104
v  14.823045 -0.296136 -0.735275
v  14.199599 0.817860 -1.245801
v  14.199598 1.165957 -1.523399
v  14.199599 1.359136 -1.924540
v  14.199599 1.359136 -2.369773
v  14.199599 1.165957 -2.770914
v  14.199599 0.817860 -3.048512
v  14.199599 0.383790 -3.147585
v  14.199599 -0.050279 -3.048512
v  14.199599 -0.398376 -2.770914
v  14.199598 -0.591556 -2.369773
v  3.863408 -1.285866 -6.551476
v  8.098591 -1.285866 -6.551476
v  8.098591 -2.084004 -7.839174
v  3.863408 -2.084004 -7.839174
v  8.098591 0.315021 -7.524978
v  8.098591 -0.483118 -8.812675
v  3.863408 0.315021 -7.524978
v  3.863408 -0.483118 -8.812675
v  10.382426 -2.408506 -12.372674
v  10.382426 -0.928630 -11.891833
v  0.810938 -0.928631 -11.891831
v  0.810938 -2.408507 -12.372673
v  10.382426 -0.014017 -10.632976
v  0.810938 -0.014017 -10.632975
v  10.382426 -0.014017 -9.076943
v  0.810939 -0.014017 -9.076940
v  10.382426 -0.928631 -7.818086
v  0.810939 -0.928631 -7.818083
v  10.382426 -2.408506 -7.337245
v  0.810939 -2.408507 -7.337242
v  10.382426 -3.888382 -7.818086
v  0.810939 -3.888383 -7.818083
v  10.382426 -4.802996 -9.076943
v  0.810939 -4.802996 -9.076941
v  10.382426 -4.802996 -10.632976
v  0.810939 -4.802996 -10.632975
v  10.382426 -3.888382 -11.891835
v  0.810938 -3.888382 -11.891831
v  11.468501 -3.332786 -11.127122
v  11.468501 -1.484226 -8.582797
v  11.468501 -0.912990 -9.369037
v  11.468500 -2.408506 -11.427439
v  11.468500 -1.484226 -11.127122
v  11.468501 -3.904023 -10.340882
v  11.468501 -3.904023 -9.369037
v  11.468501 -3.332787 -8.582797
v  11.468501 -2.408506 -8.282480
v  11.468501 -0.912989 -10.340882
v  0.900573 -0.651078 -10.307686
v  0.900573 -0.268632 -10.086882
v  -0.253506 -0.268632 -10.086882
v  -0.253506 -0.651078 -10.307686
v  0.900573 -0.268632 -9.645271
v  -0.253506 -0.268632 -9.645271
v  0.900573 -0.651078 -9.424466
v  -0.253506 -0.651078 -9.424466
v  0.900573 -1.033523 -9.645271
v  -0.253506 -1.033523 -9.645271
v  0.900573 -1.033523 -10.086882
v  -0.253506 -1.033523 -10.086882
v  0.900573 -0.845691 -8.932396
v  0.900573 -0.731394 -8.505835
v  -0.253506 -0.731394 -8.505835
v  -0.253506 -0.845691 -8.932396
v  0.900573 -1.043659 -8.193569
v  -0.253506 -1.043659 -8.193569
v  0.900573 -1.470222 -8.307866
v  -0.253506 -1.470222 -8.307866
v  0.900573 -1.584518 -8.734428
v  -0.253506 -1.584518 -8.734428
v  0.900573 -1.272253 -9.046694
v  -0.253506 -1.272253 -9.046694
v  0.900573 -1.955777 -8.097531
v  0.900573 -2.176581 -7.715086
v  -0.253506 -2.176581 -7.715086
v  -0.253506 -1.955777 -8.097531
v  0.900573 -2.618191 -7.715086
v  -0.253506 -2.618191 -7.715086
v  0.900573 -2.838996 -8.097531
v  -0.253506 -2.838996 -8.097531
v  0.900573 -2.618191 -8.479977
v  -0.253506 -2.618191 -8.479977
v  0.900573 -2.176581 -8.479977
v  -0.253506 -2.176581 -8.479977
v  0.900573 -3.331066 -8.292143
v  0.900573 -3.757628 -8.177846
v  -0.253506 -3.757628 -8.177846
v  -0.253506 -3.331066 -8.292143
v  0.900573 -4.069894 -8.490111
v  -0.253506 -4.069894 -8.490111
v  0.900573 -3.955596 -8.916674
v  -0.253506 -3.955596 -8.916674
v  0.900573 -3.529034 -9.030971
v  -0.253506 -3.529034 -9.030971
v  0.900573 -3.216768 -8.718705
v  -0.253506 -3.216768 -8.718705
v  0.900573 -4.165934 -9.402230
v  0.900573 -4.548379 -9.623034
v  -0.253506 -4.548379 -9.623034
v  -0.253506 -4.165934 -9.402230
v  0.900573 -4.548379 -10.064645
v  -0.253506 -4.548379 -10.064645
v  0.900573 -4.165933 -10.285450
v  -0.253506 -4.165933 -10.285450
v  0.900573 -3.783488 -10.064645
v  -0.253506 -3.783488 -10.064645
v  0.900573 -3.783488 -9.623034
v  -0.253506 -3.783488 -9.623034
v  0.900573 -3.971317 -10.777520
v  0.900573 -4.085614 -11.204082
v  -0.253506 -4.085614 -11.204082
v  -0.253506 -3.971317 -10.777520
v  0.900573 -3.773349 -11.516347
v  -0.253506 -3.773349 -11.516347
v  0.900573 -3.346786 -11.402050
v  -0.253506 -3.346786 -11.402050
v  0.900573 -3.232489 -10.975488
v  -0.253506 -3.232489 -10.975488
v  0.900573 -3.544755 -10.663222
v  -0.253506 -3.544755 -10.663222
v  0.900573 -2.861232 -11.612385
v  0.900573 -2.640428 -11.994830
v  -0.253506 -2.640428 -11.994830
v  -0.253506 -2.861232 -11.612385
v  0.900573 -2.198818 -11.994830
v  -0.253506 -2.198818 -11.994830
v  0.900573 -1.978013 -11.612385
v  -0.253506 -1.978013 -11.612385
v  0.900573 -2.198818 -11.229939
v  -0.253506 -2.198818 -11.229939
v  0.900573 -2.640428 -11.229939
v  -0.253506 -2.640428 -11.229939
v  0.900573 -1.485941 -11.417774
v  0.900573 -1.059380 -11.532071
v  -0.253506 -1.059380 -11.532071
v  -0.253506 -1.485941 -11.417774
v  0.900573 -0.747114 -11.219806
v  -0.253506 -0.747114 -11.219806
v  0.900573 -0.861411 -10.793243
v  -0.253506 -0.861411 -10.793243
v  0.900573 -1.287973 -10.678946
v  -0.253506 -1.287973 -10.678946
v  0.900573 -1.600239 -10.991212
v  -0.253506 -1.600239 -10.991212
# 461 vertices

vt  0.897646 0.262510 -3.215281
vt  0.039204 0.189891 2.737094
vt  0.845012 0.164280 2.737094
vt  0.876091 0.042287 0.000000
vt  0.006411 0.042282 0.000000
vt  0.039204 0.303962 2.737094
vt  0.267270 0.793915 0.000000
vt  0.683850 0.051631 2.737094
vt  0.522689 0.051631 2.737094
vt  0.897646 0.402192 -0.633363
vt  0.267269 0.821822 0.000000
vt  0.091838 0.402192 -3.162652
vt  0.406951 0.854572 0.000000
vt  0.361527 0.119957 2.737094
vt  0.200365 0.119957 2.737094
vt  0.077889 0.215275 2.737094
vt  0.077889 0.303899 2.737094
vt  0.252999 0.218188 -3.195336
vt  0.414161 0.218188 -3.195336
vt  0.575322 0.149861 -3.212908
vt  0.736484 0.149861 -3.212908
vt  0.006412 0.014375 0.000000
vt  0.203040 0.042283 0.000000
vt  0.364202 0.042284 0.000000
vt  0.539249 0.042286 0.000000
vt  0.736484 0.402192 1.862214
vt  0.575322 0.402192 3.215281
vt  0.414161 0.402192 3.215281
vt  0.252999 0.402192 1.862214
vt  0.897646 0.310190 -0.633363
vt  0.314949 0.854570 0.000000
vt  0.091838 0.288121 -3.162652
vt  0.990163 0.013715 0.000000
vt  0.736484 0.287472 1.862214
vt  0.575322 0.287472 3.215281
vt  0.252999 0.287351 1.862214
vt  0.414161 0.287351 3.215281
vt  0.806326 0.178189 2.737094
vt  0.675988 0.090316 2.737094
vt  0.369176 0.708450 0.000000
vt  0.530551 0.090316 2.737094
vt  0.369389 0.158643 2.737094
vt  0.208397 0.158643 2.737094
vt  0.831309 0.570474 2.737094
vt  0.831310 0.418231 2.737094
vt  0.041610 0.607553 2.737094
vt  0.171947 0.695427 2.737094
vt  0.417389 0.865295 0.000000
vt  0.455327 0.708449 0.000000
vt  0.455308 0.801650 0.000000
vt  0.317385 0.695428 2.737094
vt  0.478547 0.627103 2.737094
vt  0.639539 0.627104 2.737094
vt  0.704042 0.488471 -2.737094
vt  0.845012 0.178438 2.737094
vt  0.406951 0.842655 0.000000
vt  0.313753 0.841896 0.000000
vt  0.917256 0.420607 -0.662729
vt  0.704042 0.418230 -2.737094
vt  0.369175 0.834223 0.000000
vt  0.893864 0.425946 -0.662730
vt  0.875104 0.440906 -0.662730
vt  0.416622 0.708451 0.000000
vt  0.750708 0.911954 0.000000
vt  0.774702 0.911955 0.000000
vt  0.798697 0.911955 0.000000
vt  0.822691 0.911955 0.000000
vt  0.846685 0.911955 0.000000
vt  0.870679 0.911956 0.000000
vt  0.926460 0.346142 0.000000
vt  0.894673 0.911956 0.000000
vt  0.582750 0.911953 0.000000
vt  0.630738 0.911953 0.000000
vt  0.654732 0.911953 0.000000
vt  0.678726 0.911954 0.000000
vt  0.702720 0.911954 0.000000
vt  0.926460 0.231936 0.000000
vt  0.864694 0.462524 -0.662730
vt  0.864694 0.486518 -0.662730
vt  0.875104 0.508136 -0.662731
vt  0.893864 0.523097 -0.662731
vt  0.917256 0.528436 -0.662731
vt  0.940648 0.523097 -0.662731
vt  0.959408 0.508137 -0.662730
vt  0.969819 0.486519 -0.662730
vt  0.969819 0.462525 -0.662730
vt  0.959408 0.440907 -0.662730
vt  0.940649 0.425947 -0.662729
vt  0.917256 0.432264 -0.662730
vt  0.898921 0.436449 -0.662730
vt  0.884218 0.448174 -0.662730
vt  0.967313 0.346142 0.000000
vt  0.876058 0.465118 -0.662730
vt  0.876058 0.483925 -0.662730
vt  0.884218 0.500868 -0.662731
vt  0.898921 0.512594 -0.662731
vt  0.917256 0.516779 -0.662731
vt  0.935591 0.512594 -0.662731
vt  0.950294 0.500869 -0.662730
vt  0.958454 0.483925 -0.662730
vt  0.958454 0.465118 -0.662730
vt  0.950295 0.448175 -0.662730
vt  0.935591 0.436449 -0.662730
vt  0.917256 0.447544 0.662729
vt  0.905551 0.450216 0.662729
vt  0.896164 0.457701 0.662730
vt  0.890955 0.468518 0.662728
vt  0.890955 0.480525 0.662728
vt  0.896164 0.491342 0.662728
vt  0.905551 0.498827 0.662728
vt  0.917256 0.501499 0.662728
vt  0.928961 0.498827 0.662728
vt  0.938348 0.491342 0.662728
vt  0.943557 0.480525 0.662730
vt  0.943557 0.468519 0.662729
vt  0.938348 0.457701 0.662729
vt  0.928961 0.450216 0.662729
vt  0.967314 0.231936 0.000000
vt  0.750708 0.987990 0.000000
vt  0.774702 0.987990 0.000000
vt  0.926031 0.181413 0.000000
vt  0.966884 0.181413 0.000000
vt  0.926031 0.067207 0.000000
vt  0.966884 0.067207 0.000000
vt  0.926030 0.396664 0.000000
vt  0.966883 0.396665 0.000000
vt  0.281564 0.814712 0.000000
vt  0.281428 0.793915 0.000000
vt  0.291721 0.708449 0.000000
vt  0.876092 0.013713 0.000000
vt  0.990163 0.042289 0.000000
vt  0.455679 0.843778 0.000000
vt  0.456069 0.864571 0.000000
vt  0.416996 0.844265 0.000000
vt  0.700411 0.042286 0.000000
vt  0.700411 0.014127 0.000000
vt  0.539249 0.014126 0.000000
vt  0.364202 0.014347 0.000000
vt  0.203040 0.014346 0.000000
vt  0.291720 0.806746 0.000000
vt  0.075938 0.418226 -2.737094
vt  0.075937 0.516460 -2.737094
vt  0.171948 0.589586 -2.737094
vt  0.317386 0.589587 -2.737094
vt  0.478548 0.521262 -2.737094
vt  0.639540 0.521263 -2.737094
vt  0.390208 0.834223 0.000000
vt  0.416621 0.804533 0.000000
vt  0.726714 0.911954 0.000000
vt  0.798696 0.987991 0.000000
vt  0.726713 0.987990 0.000000
vt  0.606744 0.911953 0.000000
vt  0.918667 0.911956 0.000000
vt  0.606743 0.987989 0.000000
vt  0.630737 0.987989 0.000000
vt  0.846684 0.987991 0.000000
vt  0.870678 0.987991 0.000000
vt  0.822690 0.987991 0.000000
vt  0.894672 0.987992 0.000000
vt  0.918666 0.987992 0.000000
vt  0.582749 0.987988 0.000000
vt  0.654731 0.987989 0.000000
vt  0.678725 0.987989 0.000000
vt  0.702719 0.987990 0.000000
vt  0.746776 0.640326 0.000000
vt  0.788736 0.640327 0.000000
vt  0.091412 0.695225 1.154510
vt  0.131318 0.708191 1.154510
vt  0.155981 0.742138 1.154510
vt  0.155980 0.784098 1.154511
vt  0.914616 0.640328 0.000000
vt  0.113415 0.852411 0.000000
vt  0.131316 0.818044 1.154512
vt  0.091410 0.831010 1.154512
vt  0.051504 0.818043 1.154512
vt  0.026841 0.784097 1.154512
vt  0.071455 0.852411 0.000000
vt  0.026841 0.742137 1.154511
vt  0.051505 0.708190 1.154510
vt  0.116335 0.728812 -1.154507
vt  0.872656 0.640328 0.000000
vt  0.956576 0.640329 0.000000
vt  0.575347 0.640324 0.000000
vt  0.091411 0.720714 -1.154507
vt  0.066487 0.728812 -1.154510
vt  0.662856 0.640325 0.000000
vt  0.830696 0.640327 0.000000
vt  0.051083 0.750013 -1.154510
vt  0.051083 0.776220 -1.154510
vt  0.066486 0.797422 -1.154509
vt  0.091410 0.805521 -1.154509
vt  0.116335 0.797422 -1.154510
vt  0.131739 0.776221 -1.154510
vt  0.131739 0.750015 -1.154510
vt  0.746773 0.898431 0.000000
vt  0.788733 0.898431 0.000000
vt  0.830693 0.898432 0.000000
vt  0.872653 0.898432 0.000000
vt  0.914613 0.898433 0.000000
vt  0.956573 0.898433 0.000000
vt  0.536976 0.640324 0.000000
vt  0.536973 0.898429 0.000000
vt  0.575344 0.898429 0.000000
vt  0.617307 0.640325 0.000000
vt  0.617304 0.898429 0.000000
vt  0.662853 0.898430 0.000000
vt  0.704816 0.640326 0.000000
vt  0.147361 0.877075 0.000000
vt  0.160327 0.916981 0.000000
vt  0.147360 0.956888 0.000000
vt  0.113413 0.981550 0.000000
vt  0.071454 0.981550 0.000000
vt  0.037507 0.956887 0.000000
vt  0.024541 0.916980 0.000000
vt  0.037508 0.877074 0.000000
vt  0.704813 0.898430 0.000000
vt  0.220281 0.917133 0.000000
vt  0.208373 0.917133 0.000000
vt  0.208373 0.886011 0.000000
vt  0.220281 0.886011 0.000000
vt  0.196464 0.917132 0.000000
vt  0.196464 0.886011 0.000000
vt  0.184556 0.917132 0.000000
vt  0.184556 0.886011 0.000000
vt  0.256007 0.917133 0.000000
vt  0.244098 0.917133 0.000000
vt  0.244098 0.886012 0.000000
vt  0.256007 0.886012 0.000000
vt  0.232190 0.917133 0.000000
vt  0.232190 0.886011 0.000000
vt  0.188937 0.861480 0.000000
vt  0.200846 0.861480 0.000000
vt  0.206800 0.871793 0.000000
vt  0.200845 0.882106 0.000000
vt  0.188937 0.882106 0.000000
vt  0.182983 0.871793 0.000000
vt  0.415716 0.989941 0.000000
vt  0.403808 0.989941 0.000000
vt  0.403808 0.958820 0.000000
vt  0.415716 0.958820 0.000000
vt  0.391899 0.989941 0.000000
vt  0.391899 0.958820 0.000000
vt  0.379991 0.989941 0.000000
vt  0.379991 0.958820 0.000000
vt  0.451442 0.989941 0.000000
vt  0.439533 0.989941 0.000000
vt  0.439533 0.958820 0.000000
vt  0.451442 0.958820 0.000000
vt  0.427625 0.989941 0.000000
vt  0.427625 0.958820 0.000000
vt  0.384372 0.934289 0.000000
vt  0.396281 0.934289 0.000000
vt  0.402235 0.944602 0.000000
vt  0.396280 0.954915 0.000000
vt  0.384372 0.954915 0.000000
vt  0.378418 0.944602 0.000000
vt  0.416889 0.925838 0.000000
vt  0.404980 0.925838 0.000000
vt  0.404980 0.894717 0.000000
vt  0.416889 0.894717 0.000000
vt  0.393072 0.925838 0.000000
vt  0.393072 0.894717 0.000000
vt  0.381163 0.925838 0.000000
vt  0.381163 0.894717 0.000000
vt  0.452614 0.925838 0.000000
vt  0.440706 0.925838 0.000000
vt  0.440706 0.894717 0.000000
vt  0.452614 0.894717 0.000000
vt  0.428797 0.925838 0.000000
vt  0.428797 0.894717 0.000000
vt  0.385545 0.870185 0.000000
vt  0.397453 0.870185 0.000000
vt  0.403407 0.880499 0.000000
vt  0.397453 0.890812 0.000000
vt  0.385545 0.890811 0.000000
vt  0.379590 0.880499 0.000000
vt  0.321775 0.989012 0.000000
vt  0.309866 0.989012 0.000000
vt  0.309866 0.957891 0.000000
vt  0.321775 0.957891 0.000000
vt  0.297958 0.989012 0.000000
vt  0.297958 0.957891 0.000000
vt  0.286049 0.989012 0.000000
vt  0.286049 0.957891 0.000000
vt  0.357500 0.989012 0.000000
vt  0.345592 0.989012 0.000000
vt  0.345592 0.957892 0.000000
vt  0.357500 0.957892 0.000000
vt  0.333683 0.989012 0.000000
vt  0.333683 0.957891 0.000000
vt  0.290431 0.933360 0.000000
vt  0.302339 0.933360 0.000000
vt  0.308293 0.943673 0.000000
vt  0.302339 0.953986 0.000000
vt  0.290431 0.953986 0.000000
vt  0.284476 0.943673 0.000000
vt  0.221824 0.770544 0.000000
vt  0.209916 0.770544 0.000000
vt  0.209916 0.739423 0.000000
vt  0.221825 0.739423 0.000000
vt  0.198007 0.770544 0.000000
vt  0.198007 0.739423 0.000000
vt  0.186099 0.770544 0.000000
vt  0.186099 0.739423 0.000000
vt  0.257550 0.770544 0.000000
vt  0.245641 0.770544 0.000000
vt  0.245641 0.739423 0.000000
vt  0.257550 0.739423 0.000000
vt  0.233733 0.770544 0.000000
vt  0.233733 0.739423 0.000000
vt  0.190480 0.714892 0.000000
vt  0.202389 0.714892 0.000000
vt  0.208343 0.725205 0.000000
vt  0.202389 0.735518 0.000000
vt  0.190480 0.735518 0.000000
vt  0.184526 0.725205 0.000000
vt  0.212017 0.847127 0.000000
vt  0.200108 0.847127 0.000000
vt  0.200109 0.816006 0.000000
vt  0.212017 0.816006 0.000000
vt  0.188200 0.847127 0.000000
vt  0.188200 0.816005 0.000000
vt  0.176292 0.847127 0.000000
vt  0.176292 0.816005 0.000000
vt  0.247742 0.847127 0.000000
vt  0.235834 0.847127 0.000000
vt  0.235834 0.816006 0.000000
vt  0.247743 0.816006 0.000000
vt  0.223925 0.847127 0.000000
vt  0.223926 0.816006 0.000000
vt  0.180673 0.791474 0.000000
vt  0.192581 0.791474 0.000000
vt  0.198536 0.801788 0.000000
vt  0.192581 0.812100 0.000000
vt  0.180673 0.812100 0.000000
vt  0.174718 0.801787 0.000000
vt  0.318637 0.917156 0.000000
vt  0.306729 0.917156 0.000000
vt  0.306729 0.886035 0.000000
vt  0.318638 0.886035 0.000000
vt  0.294820 0.917156 0.000000
vt  0.294820 0.886035 0.000000
vt  0.282912 0.917156 0.000000
vt  0.282912 0.886034 0.000000
vt  0.354363 0.917156 0.000000
vt  0.342454 0.917156 0.000000
vt  0.342454 0.886035 0.000000
vt  0.354363 0.886035 0.000000
vt  0.330546 0.917156 0.000000
vt  0.330546 0.886035 0.000000
vt  0.287293 0.861503 0.000000
vt  0.299202 0.861503 0.000000
vt  0.305156 0.871817 0.000000
vt  0.299202 0.882129 0.000000
vt  0.287293 0.882129 0.000000
vt  0.281339 0.871817 0.000000
vt  0.222139 0.988745 0.000000
vt  0.210230 0.988745 0.000000
vt  0.210230 0.957624 0.000000
vt  0.222139 0.957624 0.000000
vt  0.198322 0.988745 0.000000
vt  0.198322 0.957624 0.000000
vt  0.186413 0.988745 0.000000
vt  0.186413 0.957624 0.000000
vt  0.257864 0.988745 0.000000
vt  0.245956 0.988745 0.000000
vt  0.245956 0.957624 0.000000
vt  0.257864 0.957624 0.000000
vt  0.234047 0.988745 0.000000
vt  0.234047 0.957624 0.000000
vt  0.190795 0.933092 0.000000
vt  0.202703 0.933092 0.000000
vt  0.208657 0.943406 0.000000
vt  0.202703 0.953718 0.000000
vt  0.190795 0.953718 0.000000
vt  0.184840 0.943406 0.000000
vt  0.704042 0.418230 -2.737094
vt  0.478548 0.521262 -2.737094
vt  0.639540 0.521263 -2.737094
vt  0.704042 0.488471 -2.737094
vt  0.414161 0.218188 -3.195336
vt  0.575322 0.287472 3.215281
vt  0.414161 0.287351 3.215281
vt  0.539249 0.042286 0.000000
vt  0.364202 0.042284 0.000000
vt  0.364202 0.014347 0.000000
vt  0.539249 0.014126 0.000000
vt  0.990163 0.042289 0.000000
vt  0.876091 0.042287 0.000000
vt  0.876092 0.013713 0.000000
vt  0.990163 0.013715 0.000000
vt  0.736484 0.149861 -3.212908
vt  0.897646 0.262510 -3.215281
vt  0.897646 0.310190 -0.633363
vt  0.736484 0.287472 1.862214
vt  0.575322 0.149861 -3.212908
vt  0.252999 0.402192 1.862214
vt  0.091838 0.402192 -3.162652
vt  0.091838 0.288121 -3.162652
vt  0.252999 0.287351 1.862214
vt  0.414161 0.402192 3.215281
vt  0.203040 0.042283 0.000000
vt  0.006411 0.042282 0.000000
vt  0.006412 0.014375 0.000000
vt  0.203040 0.014346 0.000000
vt  0.700411 0.014127 0.000000
vt  0.700411 0.042286 0.000000
vt  0.575322 0.402192 3.215281
vt  0.897646 0.402192 -0.633363
vt  0.736484 0.402192 1.862214
vt  0.252999 0.218188 -3.195336
vt  0.039204 0.189891 2.737094
vt  0.039204 0.303962 2.737094
vt  0.077889 0.303899 2.737094
vt  0.077889 0.215275 2.737094
vt  0.845012 0.164280 2.737094
vt  0.683850 0.051631 2.737094
vt  0.675988 0.090316 2.737094
vt  0.806326 0.178189 2.737094
vt  0.522689 0.051631 2.737094
vt  0.530551 0.090316 2.737094
vt  0.361527 0.119957 2.737094
vt  0.369389 0.158643 2.737094
vt  0.200365 0.119957 2.737094
vt  0.208397 0.158643 2.737094
vt  0.831309 0.570474 2.737094
vt  0.831310 0.418231 2.737094
vt  0.369176 0.708450 0.000000
vt  0.369175 0.834223 0.000000
vt  0.291720 0.806746 0.000000
vt  0.291721 0.708449 0.000000
vt  0.041610 0.607553 2.737094
vt  0.171947 0.695427 2.737094
vt  0.171948 0.589586 -2.737094
vt  0.075937 0.516460 -2.737094
vt  0.317385 0.695428 2.737094
vt  0.317386 0.589587 -2.737094
vt  0.478547 0.627103 2.737094
vt  0.639539 0.627104 2.737094
vt  0.313753 0.841896 0.000000
vt  0.314949 0.854570 0.000000
vt  0.267269 0.821822 0.000000
vt  0.281564 0.814712 0.000000
vt  0.845012 0.178438 2.737094
vt  0.406951 0.842655 0.000000
vt  0.406951 0.854572 0.000000
vt  0.267270 0.793915 0.000000
vt  0.281428 0.793915 0.000000
vt  0.416621 0.804533 0.000000
vt  0.390208 0.834223 0.000000
vt  0.416996 0.844265 0.000000
vt  0.455308 0.801650 0.000000
vt  0.455679 0.843778 0.000000
vt  0.417389 0.865295 0.000000
vt  0.456069 0.864571 0.000000
vt  0.416622 0.708451 0.000000
vt  0.455327 0.708449 0.000000
vt  0.750708 0.911954 0.000000
vt  0.774702 0.911955 0.000000
vt  0.774702 0.987990 0.000000
vt  0.750708 0.987990 0.000000
vt  0.798697 0.911955 0.000000
vt  0.798696 0.987991 0.000000
vt  0.822691 0.911955 0.000000
vt  0.822690 0.987991 0.000000
vt  0.846685 0.911955 0.000000
vt  0.846684 0.987991 0.000000
vt  0.870679 0.911956 0.000000
vt  0.870678 0.987991 0.000000
vt  0.894673 0.911956 0.000000
vt  0.894672 0.987992 0.000000
vt  0.918667 0.911956 0.000000
vt  0.918666 0.987992 0.000000
vt  0.582750 0.911953 0.000000
vt  0.606744 0.911953 0.000000
vt  0.606743 0.987989 0.000000
vt  0.582749 0.987988 0.000000
vt  0.630738 0.911953 0.000000
vt  0.630737 0.987989 0.000000
vt  0.654732 0.911953 0.000000
vt  0.654731 0.987989 0.000000
vt  0.678726 0.911954 0.000000
vt  0.678725 0.987989 0.000000
vt  0.702720 0.911954 0.000000
vt  0.702719 0.987990 0.000000
vt  0.726714 0.911954 0.000000
vt  0.726713 0.987990 0.000000
vt  0.917256 0.447544 0.662729
vt  0.943557 0.468519 0.662729
vt  0.938348 0.457701 0.662729
vt  0.928961 0.450216 0.662729
vt  0.917256 0.420607 -0.662729
vt  0.893864 0.425946 -0.662730
vt  0.898921 0.436449 -0.662730
vt  0.917256 0.432264 -0.662730
vt  0.875104 0.440906 -0.662730
vt  0.884218 0.448174 -0.662730
vt  0.864694 0.462524 -0.662730
vt  0.876058 0.465118 -0.662730
vt  0.864694 0.486518 -0.662730
vt  0.876058 0.483925 -0.662730
vt  0.875104 0.508136 -0.662731
vt  0.884218 0.500868 -0.662731
vt  0.893864 0.523097 -0.662731
vt  0.898921 0.512594 -0.662731
vt  0.917256 0.528436 -0.662731
vt  0.917256 0.516779 -0.662731
vt  0.940648 0.523097 -0.662731
vt  0.935591 0.512594 -0.662731
vt  0.959408 0.508137 -0.662730
vt  0.950294 0.500869 -0.662730
vt  0.969819 0.486519 -0.662730
vt  0.958454 0.483925 -0.662730
vt  0.969819 0.462525 -0.662730
vt  0.958454 0.465118 -0.662730
vt  0.959408 0.440907 -0.662730
vt  0.950295 0.448175 -0.662730
vt  0.940649 0.425947 -0.662729
vt  0.935591 0.436449 -0.662730
vt  0.905551 0.450216 0.662729
vt  0.896164 0.457701 0.662730
vt  0.890955 0.468518 0.662728
vt  0.890955 0.480525 0.662728
vt  0.896164 0.491342 0.662728
vt  0.905551 0.498827 0.662728
vt  0.917256 0.501499 0.662728
vt  0.928961 0.498827 0.662728
vt  0.938348 0.491342 0.662728
vt  0.943557 0.480525 0.662730
vt  0.926460 0.346142 0.000000
vt  0.926460 0.231936 0.000000
vt  0.967314 0.231936 0.000000
vt  0.967313 0.346142 0.000000
vt  0.926031 0.181413 0.000000
vt  0.966884 0.181413 0.000000
vt  0.926031 0.067207 0.000000
vt  0.966884 0.067207 0.000000
vt  0.926030 0.396664 0.000000
vt  0.966883 0.396665 0.000000
vt  0.075938 0.418226 -2.737094
vt  0.746776 0.640326 0.000000
vt  0.788736 0.640327 0.000000
vt  0.788733 0.898431 0.000000
vt  0.746773 0.898431 0.000000
vt  0.830696 0.640327 0.000000
vt  0.830693 0.898432 0.000000
vt  0.872656 0.640328 0.000000
vt  0.872653 0.898432 0.000000
vt  0.914616 0.640328 0.000000
vt  0.914613 0.898433 0.000000
vt  0.956576 0.640329 0.000000
vt  0.956573 0.898433 0.000000
vt  0.536976 0.640324 0.000000
vt  0.575347 0.640324 0.000000
vt  0.575344 0.898429 0.000000
vt  0.536973 0.898429 0.000000
vt  0.617307 0.640325 0.000000
vt  0.617304 0.898429 0.000000
vt  0.662856 0.640325 0.000000
vt  0.662853 0.898430 0.000000
vt  0.704816 0.640326 0.000000
vt  0.704813 0.898430 0.000000
vt  0.066487 0.728812 -1.154510
vt  0.116335 0.797422 -1.154510
vt  0.131739 0.776221 -1.154510
vt  0.091411 0.720714 -1.154507
vt  0.131318 0.708191 1.154510
vt  0.091412 0.695225 1.154510
vt  0.116335 0.728812 -1.154507
vt  0.051505 0.708190 1.154510
vt  0.026841 0.742137 1.154511
vt  0.051083 0.750013 -1.154510
vt  0.026841 0.784097 1.154512
vt  0.051083 0.776220 -1.154510
vt  0.051504 0.818043 1.154512
vt  0.066486 0.797422 -1.154509
vt  0.091410 0.831010 1.154512
vt  0.091410 0.805521 -1.154509
vt  0.131316 0.818044 1.154512
vt  0.155980 0.784098 1.154511
vt  0.155981 0.742138 1.154510
vt  0.131739 0.750015 -1.154510
vt  0.147361 0.877075 0.000000
vt  0.160327 0.916981 0.000000
vt  0.147360 0.956888 0.000000
vt  0.113415 0.852411 0.000000
vt  0.113413 0.981550 0.000000
vt  0.071455 0.852411 0.000000
vt  0.071454 0.981550 0.000000
vt  0.037508 0.877074 0.000000
vt  0.037507 0.956887 0.000000
vt  0.024541 0.916980 0.000000
vt  0.220281 0.917133 0.000000
vt  0.208373 0.917133 0.000000
vt  0.208373 0.886011 0.000000
vt  0.220281 0.886011 0.000000
vt  0.196464 0.917132 0.000000
vt  0.196464 0.886011 0.000000
vt  0.184556 0.917132 0.000000
vt  0.184556 0.886011 0.000000
vt  0.256007 0.917133 0.000000
vt  0.244098 0.917133 0.000000
vt  0.244098 0.886012 0.000000
vt  0.256007 0.886012 0.000000
vt  0.232190 0.917133 0.000000
vt  0.232190 0.886011 0.000000
vt  0.188937 0.861480 0.000000
vt  0.200845 0.882106 0.000000
vt  0.188937 0.882106 0.000000
vt  0.182983 0.871793 0.000000
vt  0.415716 0.989941 0.000000
vt  0.403808 0.989941 0.000000
vt  0.403808 0.958820 0.000000
vt  0.415716 0.958820 0.000000
vt  0.391899 0.989941 0.000000
vt  0.391899 0.958820 0.000000
vt  0.379991 0.989941 0.000000
vt  0.379991 0.958820 0.000000
vt  0.451442 0.989941 0.000000
vt  0.439533 0.989941 0.000000
vt  0.439533 0.958820 0.000000
vt  0.451442 0.958820 0.000000
vt  0.427625 0.989941 0.000000
vt  0.427625 0.958820 0.000000
vt  0.384372 0.934289 0.000000
vt  0.396280 0.954915 0.000000
vt  0.384372 0.954915 0.000000
vt  0.378418 0.944602 0.000000
vt  0.416889 0.925838 0.000000
vt  0.404980 0.925838 0.000000
vt  0.404980 0.894717 0.000000
vt  0.416889 0.894717 0.000000
vt  0.393072 0.925838 0.000000
vt  0.393072 0.894717 0.000000
vt  0.381163 0.925838 0.000000
vt  0.381163 0.894717 0.000000
vt  0.452614 0.925838 0.000000
vt  0.440706 0.925838 0.000000
vt  0.440706 0.894717 0.000000
vt  0.452614 0.894717 0.000000
vt  0.428797 0.925838 0.000000
vt  0.428797 0.894717 0.000000
vt  0.385545 0.870185 0.000000
vt  0.397453 0.890812 0.000000
vt  0.385545 0.890811 0.000000
vt  0.379590 0.880499 0.000000
vt  0.321775 0.989012 0.000000
vt  0.309866 0.989012 0.000000
vt  0.309866 0.957891 0.000000
vt  0.321775 0.957891 0.000000
vt  0.297958 0.989012 0.000000
vt  0.297958 0.957891 0.000000
vt  0.286049 0.989012 0.000000
vt  0.286049 0.957891 0.000000
vt  0.357500 0.989012 0.000000
vt  0.345592 0.989012 0.000000
vt  0.345592 0.957892 0.000000
vt  0.357500 0.957892 0.000000
vt  0.333683 0.989012 0.000000
vt  0.333683 0.957891 0.000000
vt  0.290431 0.933360 0.000000
vt  0.302339 0.953986 0.000000
vt  0.290431 0.953986 0.000000
vt  0.284476 0.943673 0.000000
vt  0.221824 0.770544 0.000000
vt  0.209916 0.770544 0.000000
vt  0.209916 0.739423 0.000000
vt  0.221825 0.739423 0.000000
vt  0.198007 0.770544 0.000000
vt  0.198007 0.739423 0.000000
vt  0.186099 0.770544 0.000000
vt  0.186099 0.739423 0.000000
vt  0.257550 0.770544 0.000000
vt  0.245641 0.770544 0.000000
vt  0.245641 0.739423 0.000000
vt  0.257550 0.739423 0.000000
vt  0.233733 0.770544 0.000000
vt  0.233733 0.739423 0.000000
vt  0.190480 0.714892 0.000000
vt  0.202389 0.735518 0.000000
vt  0.190480 0.735518 0.000000
vt  0.184526 0.725205 0.000000
vt  0.212017 0.847127 0.000000
vt  0.200108 0.847127 0.000000
vt  0.200109 0.816006 0.000000
vt  0.212017 0.816006 0.000000
vt  0.188200 0.847127 0.000000
vt  0.188200 0.816005 0.000000
vt  0.176292 0.847127 0.000000
vt  0.176292 0.816005 0.000000
vt  0.247742 0.847127 0.000000
vt  0.235834 0.847127 0.000000
vt  0.235834 0.816006 0.000000
vt  0.247743 0.816006 0.000000
vt  0.223925 0.847127 0.000000
vt  0.223926 0.816006 0.000000
vt  0.180673 0.791474 0.000000
vt  0.192581 0.812100 0.000000
vt  0.180673 0.812100 0.000000
vt  0.174718 0.801787 0.000000
vt  0.318637 0.917156 0.000000
vt  0.306729 0.917156 0.000000
vt  0.306729 0.886035 0.000000
vt  0.318638 0.886035 0.000000
vt  0.294820 0.917156 0.000000
vt  0.294820 0.886035 0.000000
vt  0.282912 0.917156 0.000000
vt  0.282912 0.886034 0.000000
vt  0.354363 0.917156 0.000000
vt  0.342454 0.917156 0.000000
vt  0.342454 0.886035 0.000000
vt  0.354363 0.886035 0.000000
vt  0.330546 0.917156 0.000000
vt  0.330546 0.886035 0.000000
vt  0.287293 0.861503 0.000000
vt  0.299202 0.882129 0.000000
vt  0.287293 0.882129 0.000000
vt  0.281339 0.871817 0.000000
vt  0.222139 0.988745 0.000000
vt  0.210230 0.988745 0.000000
vt  0.210230 0.957624 0.000000
vt  0.222139 0.957624 0.000000
vt  0.198322 0.988745 0.000000
vt  0.198322 0.957624 0.000000
vt  0.186413 0.988745 0.000000
vt  0.186413 0.957624 0.000000
vt  0.257864 0.988745 0.000000
vt  0.245956 0.988745 0.000000
vt  0.245956 0.957624 0.000000
vt  0.257864 0.957624 0.000000
vt  0.234047 0.988745 0.000000
vt  0.234047 0.957624 0.000000
vt  0.190795 0.933092 0.000000
vt  0.202703 0.953718 0.000000
vt  0.190795 0.953718 0.000000
vt  0.184840 0.943406 0.000000
vt  0.200846 0.861480 0.000000
vt  0.206800 0.871793 0.000000
vt  0.202703 0.933092 0.000000
vt  0.208657 0.943406 0.000000
vt  0.299202 0.861503 0.000000
vt  0.305156 0.871817 0.000000
vt  0.192581 0.791474 0.000000
vt  0.198536 0.801788 0.000000
vt  0.202389 0.714892 0.000000
vt  0.208343 0.725205 0.000000
vt  0.302339 0.933360 0.000000
vt  0.308293 0.943673 0.000000
vt  0.397453 0.870185 0.000000
vt  0.403407 0.880499 0.000000
vt  0.396281 0.934289 0.000000
vt  0.402235 0.944602 0.000000
# 752 texture vertices

vn  -1.570796 0.000000 -0.000000
vn  0.899911 -0.000000 1.287463
vn  0.528186 1.717476 1.020946
vn  0.302732 1.541348 -0.000000
vn  0.899910 -0.000002 1.287462
vn  -0.613131 0.000000 1.446192
vn  -0.613131 0.000001 1.446192
vn  -0.625289 0.000001 1.440978
vn  -0.626228 0.000001 1.443141
vn  0.000567 0.638480 0.750623
vn  -0.613628 0.000000 1.447364
vn  0.367523 2.278621 1.149758
vn  -0.053020 0.998593 -0.000000
vn  -0.239006 0.971018 -0.000000
vn  0.367901 1.254670 0.861755
vn  -1.570796 0.000000 -0.000000
vn  0.598418 2.839644 1.387334
vn  0.070623 1.717920 1.156521
vn  -0.742366 3.018551 -0.000000
vn  0.000904 1.018058 1.196869
vn  0.000000 -4.302975 -0.000000
vn  0.000000 -1.570796 -0.000000
vn  1.408111 -0.696149 -0.000000
vn  0.000000 -2.203231 -0.000000
vn  0.000000 -3.734787 -0.000000
vn  0.000000 -3.542584 -0.000000
vn  0.000000 -2.740602 -0.000000
vn  0.000000 -3.551006 -0.000000
vn  0.000000 -1.979710 -0.000000
vn  0.000000 -1.141968 -0.000000
vn  1.408111 -0.696149 -0.000000
vn  1.713687 -0.847221 -0.000000
vn  0.954721 -0.893228 1.367274
vn  0.000000 -0.816149 1.342126
vn  0.000000 -0.428828 -0.000000
vn  0.000000 -2.732679 -0.000000
vn  1.578921 0.000000 -0.000000
vn  3.834752 0.000000 -0.000000
vn  4.004591 0.000000 -0.000000
vn  0.000000 -1.564358 -0.000000
vn  0.044752 -1.570143 -0.009560
vn  2.297855 0.000000 -0.000000
vn  1.955861 0.000000 -0.000000
vn  -0.000000 0.000000 -1.000000
vn  -0.000000 0.433884 -0.900969
vn  0.000000 0.781832 -0.623490
vn  0.000000 0.974928 -0.222521
vn  0.000000 0.974928 0.222521
vn  0.000000 0.781832 0.623490
vn  0.000000 0.433884 0.900969
vn  0.000000 -0.000000 1.000000
vn  0.000000 -0.433884 0.900969
vn  -0.000000 -0.781832 0.623490
vn  0.000000 -0.974928 0.222521
vn  -0.000000 -0.974928 -0.222521
vn  -0.000000 -0.781831 -0.623490
vn  -0.000000 -0.433884 -0.900969
vn  -0.000000 0.000000 -3.062827
vn  -0.000000 1.328911 -2.759511
vn  0.000000 2.394614 -1.909641
vn  0.000000 2.986035 -0.681543
vn  0.000000 2.986035 0.681543
vn  0.000000 2.394614 1.909641
vn  0.000000 1.328911 2.759511
vn  0.000000 -0.000000 3.062826
vn  0.000000 -1.328911 2.759511
vn  -0.000000 -2.394614 1.909641
vn  -0.000000 -2.986035 0.681543
vn  -0.000000 -2.986035 -0.681543
vn  -0.000000 -2.394614 -1.909641
vn  -0.000000 -1.328911 -2.759511
vn  3.590392 0.000000 -0.000000
vn  3.590391 0.000000 -0.000000
vn  3.590393 0.000000 -0.000000
vn  3.590391 0.000000 -0.000000
vn  3.590391 0.000000 -0.000000
vn  3.590392 0.000000 -0.000000
vn  3.590391 0.000000 -0.000000
vn  3.590393 0.000000 -0.000000
vn  3.590391 0.000000 -0.000000
vn  3.590391 0.000000 -0.000000
vn  3.590392 0.000000 -0.000000
vn  3.590392 0.000000 -0.000000
vn  3.590392 0.000000 -0.000000
vn  3.590392 0.000000 -0.000000
vn  0.892711 -0.000000 0.450630
vn  0.892711 -0.195520 0.406004
vn  0.892711 -0.352316 0.280963
vn  0.892711 -0.439332 0.100274
vn  0.892711 -0.439331 -0.100275
vn  0.892711 -0.352316 -0.280963
vn  0.892711 -0.195521 -0.406003
vn  0.892711 0.000000 -0.450630
vn  0.892711 0.195521 -0.406003
vn  0.892711 0.352316 -0.280964
vn  0.892711 0.439331 -0.100274
vn  0.892711 0.439332 0.100275
vn  0.892711 0.352316 0.280963
vn  0.892711 0.195521 0.406003
vn  0.000000 -1.335133 -0.827540
vn  0.000000 -1.335133 -0.827540
vn  0.000000 1.335132 0.827540
vn  1.562287 0.000000 -0.000000
vn  0.000000 -1.335133 -0.827540
vn  0.000000 -1.335133 -0.827540
vn  0.000000 1.335133 0.827540
vn  1.579306 0.000000 -0.000000
vn  -0.000000 0.000002 2.987833
vn  -0.000001 1.756204 2.417207
vn  -0.000000 2.841597 0.923291
vn  0.000000 2.841597 -0.923291
vn  0.000001 1.756204 -2.417207
vn  0.000001 -0.000000 -2.987833
vn  0.000001 -1.756204 -2.417207
vn  0.000000 -2.841598 -0.923291
vn  -0.000000 -2.841598 0.923290
vn  -0.000000 -1.756202 2.417207
vn  -0.000001 -0.000000 2.987832
vn  -0.000000 1.756204 2.417207
vn  -0.000000 2.841597 0.923291
vn  0.000000 2.841597 -0.923292
vn  0.000001 1.756203 -2.417208
vn  0.000001 -0.000000 -2.987832
vn  0.000001 -1.756204 -2.417206
vn  0.000000 -2.841598 -0.923290
vn  -0.000000 -2.841598 0.923292
vn  -0.000001 -1.756204 2.417207
vn  2.263702 1.528824 2.104246
vn  1.884955 0.000001 0.000001
vn  1.256637 0.000001 0.000001
vn  2.263701 -2.473689 0.803750
vn  2.263701 -2.473689 -0.803750
vn  2.263701 -1.528824 -2.104246
vn  2.263700 0.000000 -2.600991
vn  1.256637 -0.000000 0.000000
vn  1.884956 -0.000001 0.000000
vn  2.263701 2.473688 0.803751
vn  0.000000 -0.000000 1.000000
vn  0.000000 0.866025 0.500001
vn  0.000000 2.356192 1.360351
vn  0.000000 -0.000000 2.720701
vn  0.000000 0.866025 -0.500000
vn  0.000000 2.356195 -1.360349
vn  0.000000 -0.000000 -1.000000
vn  0.000000 -0.000000 -2.720699
vn  0.000000 -0.866026 -0.500000
vn  0.000000 -2.356196 -1.360349
vn  0.000000 -0.866025 0.500001
vn  0.000000 -2.356192 1.360351
vn  0.000000 0.707107 0.707106
vn  0.000000 0.965926 -0.258818
vn  0.000000 2.627994 -0.704166
vn  0.000000 1.923828 1.923825
vn  0.000000 0.258820 -0.965926
vn  0.000000 0.704171 -2.627993
vn  0.000000 -0.707107 -0.707107
vn  0.000000 -1.923824 -1.923825
vn  0.000000 -0.965926 0.258819
vn  0.000000 -2.627994 0.704169
vn  0.000000 -0.258818 0.965926
vn  0.000000 -0.704166 2.627992
vn  0.000000 1.000000 -0.000000
vn  0.000000 0.500000 -0.866025
vn  0.000000 1.360350 -2.356193
vn  0.000000 2.720701 -0.000001
vn  0.000000 -0.500000 -0.866026
vn  0.000000 -1.360349 -2.356196
vn  0.000000 -1.000000 -0.000000
vn  0.000000 -2.720699 -0.000001
vn  0.000000 -0.500000 0.866025
vn  0.000000 -1.360350 2.356195
vn  0.000000 0.500001 0.866025
vn  0.000000 1.360351 2.356192
vn  0.000000 0.707106 -0.707107
vn  0.000000 -0.258818 -0.965926
vn  0.000000 -0.704167 -2.627994
vn  0.000000 1.923824 -1.923828
vn  0.000000 -0.965926 -0.258819
vn  0.000000 -2.627992 -0.704169
vn  0.000000 -0.707106 0.707107
vn  0.000000 -1.923824 1.923826
vn  0.000000 0.258819 0.965926
vn  0.000000 0.704168 2.627995
vn  0.000000 0.965926 0.258819
vn  0.000000 2.627992 0.704167
vn  0.000000 -0.000000 -1.000000
vn  0.000000 -0.866025 -0.500001
vn  0.000000 -2.356192 -1.360351
vn  0.000000 -0.000000 -2.720702
vn  0.000000 -0.866025 0.500000
vn  0.000000 -2.356195 1.360350
vn  0.000000 0.000000 1.000000
vn  0.000000 0.000001 2.720698
vn  0.000000 0.866026 0.500000
vn  0.000000 2.356196 1.360349
vn  0.000000 0.866025 -0.500001
vn  0.000000 2.356192 -1.360351
vn  0.000000 -0.707107 -0.707106
vn  0.000000 -0.965926 0.258818
vn  0.000000 -2.627992 0.704166
vn  0.000000 -1.923828 -1.923826
vn  0.000000 -0.258819 0.965926
vn  0.000000 -0.704170 2.627994
vn  0.000000 0.707107 0.707107
vn  0.000000 1.923824 1.923825
vn  0.000000 0.965926 -0.258819
vn  0.000000 2.627993 -0.704170
vn  0.000000 0.258818 -0.965926
vn  0.000000 0.704164 -2.627993
vn  0.000000 -1.000000 -0.000000
vn  0.000000 -0.500001 0.866025
vn  0.000000 -1.360351 2.356192
vn  0.000000 -2.720701 -0.000000
vn  0.000000 0.500000 0.866025
vn  0.000000 1.360349 2.356195
vn  0.000000 1.000000 -0.000000
vn  0.000000 2.720699 0.000000
vn  0.000000 0.500000 -0.866026
vn  0.000000 1.360349 -2.356195
vn  0.000000 -0.500001 -0.866025
vn  0.000000 -1.360351 -2.356192
vn  0.000000 -0.707106 0.707107
vn  0.000000 0.258819 0.965926
vn  0.000000 0.704167 2.627994
vn  0.000000 -1.923824 1.923828
vn  0.000000 0.965926 0.258819
vn  0.000000 2.627993 0.704170
vn  0.000000 0.707107 -0.707107
vn  0.000000 1.923824 -1.923825
vn  0.000000 -0.258819 -0.965926
vn  0.000000 -0.704169 -2.627995
vn  0.000000 -0.965926 -0.258818
vn  0.000000 -2.627992 -0.704166
vn  0.000000 -0.428828 -0.000000
vn  0.000000 -2.732679 -0.000000
vn  0.000000 -1.979710 -0.000000
vn  0.000567 0.638480 -0.750623
vn  0.070623 1.717920 -1.156521
vn  0.000904 1.018058 -1.196869
vn  -0.613131 0.000001 -1.446192
vn  -0.613131 0.000000 -1.446192
vn  -0.613628 0.000000 -1.447364
vn  -1.570796 0.000000 -0.000000
vn  -1.570796 0.000000 -0.000000
vn  -1.570796 0.000000 -0.000000
vn  -1.570796 0.000000 -0.000000
vn  0.367523 2.278621 -1.149758
vn  0.528186 1.717476 -1.020946
vn  0.367901 1.254669 -0.861755
vn  0.598418 2.839644 -1.387334
vn  -0.742366 3.018551 -0.000000
vn  0.899910 -0.000002 -1.287462
vn  0.899911 -0.000000 -1.287464
vn  -0.626228 0.000001 -1.443141
vn  -0.625289 0.000001 -1.440978
vn  0.053020 0.998593 0.000000
vn  0.149452 0.988769 0.000000
vn  0.000000 -4.302976 -0.000000
vn  0.000000 -3.734787 -0.000000
vn  0.000000 -2.203231 -0.000000
vn  0.000000 -3.542584 -0.000000
vn  0.000000 -2.740602 -0.000000
vn  0.000000 -3.551006 -0.000000
vn  1.713687 -0.847221 -0.000000
vn  0.954721 -0.893228 -1.367274
vn  0.000000 -0.816149 -1.342126
vn  3.834752 0.000000 -0.000000
vn  4.004591 0.000000 -0.000000
vn  0.000000 -1.564358 -0.000000
vn  1.955861 0.000000 -0.000000
vn  2.297855 0.000000 -0.000000
vn  -0.000000 0.000000 1.000000
vn  -0.000000 0.433884 0.900969
vn  -0.000000 1.328911 2.759511
vn  -0.000000 0.000000 3.062826
vn  0.000000 0.781832 0.623490
vn  0.000000 2.394614 1.909641
vn  0.000000 0.974928 0.222521
vn  0.000000 2.986035 0.681543
vn  0.000000 0.974928 -0.222521
vn  0.000000 2.986035 -0.681543
vn  0.000000 0.781831 -0.623490
vn  0.000000 2.394614 -1.909641
vn  0.000000 0.433884 -0.900969
vn  0.000000 1.328911 -2.759511
vn  0.000000 0.000000 -1.000000
vn  0.000000 -0.000000 -3.062826
vn  0.000000 -0.433884 -0.900969
vn  0.000000 -1.328911 -2.759511
vn  -0.000000 -0.781832 -0.623490
vn  -0.000000 -2.394614 -1.909641
vn  0.000000 -0.974928 -0.222521
vn  -0.000000 -2.986035 -0.681543
vn  -0.000000 -0.974928 0.222521
vn  -0.000000 -2.986035 0.681543
vn  -0.000000 -0.781831 0.623490
vn  -0.000000 -2.394614 1.909641
vn  -0.000000 -0.433884 0.900969
vn  -0.000000 -1.328910 2.759511
vn  0.892711 -0.000000 -0.450630
vn  0.892711 0.439332 -0.100275
vn  0.892711 0.352316 -0.280963
vn  0.892711 0.195521 -0.406003
vn  3.590391 0.000000 -0.000000
vn  3.590392 0.000000 -0.000000
vn  3.590392 0.000000 -0.000000
vn  3.590391 0.000000 -0.000000
vn  3.590392 0.000000 -0.000000
vn  3.590392 0.000000 -0.000000
vn  3.590391 0.000000 -0.000000
vn  3.590393 0.000000 -0.000000
vn  3.590391 0.000000 -0.000000
vn  3.590392 0.000000 -0.000000
vn  3.590392 0.000000 -0.000000
vn  3.590392 0.000000 -0.000000
vn  3.590392 0.000000 -0.000000
vn  3.590392 0.000000 -0.000000
vn  0.892711 -0.195520 -0.406004
vn  0.892711 -0.352316 -0.280963
vn  0.892711 -0.439332 -0.100274
vn  0.892711 -0.439331 0.100275
vn  0.892711 -0.352316 0.280963
vn  0.892711 -0.195521 0.406003
vn  0.892711 0.000000 0.450630
vn  0.892711 0.195521 0.406003
vn  0.892711 0.352316 0.280964
vn  0.892711 0.439331 0.100274
vn  0.000000 -1.335133 0.827540
vn  0.000000 -1.335133 0.827540
vn  0.000000 -1.335133 0.827540
vn  0.000000 -1.335133 0.827540
vn  1.562287 0.000000 -0.000000
vn  1.579306 0.000000 -0.000000
vn  0.000000 1.335132 -0.827540
vn  0.000000 1.335132 -0.827540
vn  -0.000000 0.000002 -2.987833
vn  -0.000001 1.756204 -2.417207
vn  -0.000000 1.756204 -2.417207
vn  -0.000001 -0.000000 -2.987832
vn  -0.000000 2.841597 -0.923291
vn  -0.000000 2.841597 -0.923291
vn  0.000000 2.841598 0.923291
vn  0.000000 2.841598 0.923292
vn  0.000001 1.756204 2.417207
vn  0.000001 1.756203 2.417207
vn  0.000001 0.000000 2.987832
vn  0.000001 0.000000 2.987832
vn  0.000001 -1.756204 2.417207
vn  0.000001 -1.756204 2.417206
vn  0.000000 -2.841598 0.923291
vn  0.000000 -2.841598 0.923290
vn  -0.000000 -2.841598 -0.923291
vn  -0.000000 -2.841597 -0.923292
vn  -0.000000 -1.756202 -2.417207
vn  -0.000001 -1.756204 -2.417207
vn  1.256637 0.000001 -0.000001
vn  1.256637 -0.000000 -0.000000
vn  1.884956 -0.000001 -0.000000
vn  1.884956 0.000001 -0.000001
vn  2.263702 1.528824 -2.104246
vn  2.263701 -2.473689 -0.803750
vn  2.263701 -2.473689 0.803750
vn  2.263701 -1.528824 2.104246
vn  2.263700 0.000000 2.600991
vn  2.263701 2.473688 -0.803751
vn  0.000000 -0.000000 -1.000000
vn  0.000000 0.866025 -0.500001
vn  0.000000 2.356192 -1.360351
vn  0.000000 -0.000000 -2.720701
vn  0.000000 0.866025 0.500000
vn  0.000000 2.356195 1.360349
vn  0.000000 -0.000000 1.000000
vn  0.000000 -0.000000 2.720699
vn  0.000000 -0.866026 0.500000
vn  0.000000 -2.356196 1.360349
vn  0.000000 -0.866025 -0.500001
vn  0.000000 -2.356192 -1.360351
vn  0.000000 0.707107 -0.707106
vn  0.000000 0.965926 0.258818
vn  0.000000 2.627994 0.704166
vn  0.000000 1.923828 -1.923825
vn  0.000000 0.258820 0.965926
vn  0.000000 0.704171 2.627993
vn  0.000000 -0.707107 0.707107
vn  0.000000 -1.923824 1.923825
vn  0.000000 -0.965926 -0.258819
vn  0.000000 -2.627994 -0.704169
vn  0.000000 -0.258818 -0.965926
vn  0.000000 -0.704166 -2.627992
vn  0.000000 1.000000 0.000000
vn  0.000000 0.500000 0.866025
vn  0.000000 1.360350 2.356193
vn  0.000000 2.720701 0.000001
vn  0.000000 -0.500000 0.866026
vn  0.000000 -1.360349 2.356196
vn  0.000000 -1.000000 0.000000
vn  0.000000 -2.720699 0.000001
vn  0.000000 -0.500000 -0.866025
vn  0.000000 -1.360350 -2.356195
vn  0.000000 0.500001 -0.866025
vn  0.000000 1.360351 -2.356192
vn  0.000000 0.707106 0.707107
vn  0.000000 -0.258818 0.965926
vn  0.000000 -0.704167 2.627994
vn  0.000000 1.923824 1.923828
vn  0.000000 -0.965926 0.258819
vn  0.000000 -2.627992 0.704169
vn  0.000000 -0.707106 -0.707107
vn  0.000000 -1.923824 -1.923826
vn  0.000000 0.258819 -0.965926
vn  0.000000 0.704168 -2.627995
vn  0.000000 0.965926 -0.258819
vn  0.000000 2.627991 -0.704166
vn  0.000000 -0.000000 1.000000
vn  0.000000 -0.866025 0.500001
vn  0.000000 -2.356192 1.360351
vn  0.000000 -0.000000 2.720701
vn  0.000000 -0.866025 -0.500000
vn  0.000000 -2.356195 -1.360350
vn  0.000000 0.000000 -1.000000
vn  0.000000 0.000001 -2.720698
vn  0.000000 0.866026 -0.500000
vn  0.000000 2.356196 -1.360349
vn  0.000000 0.866025 0.500001
vn  0.000000 2.356192 1.360351
vn  0.000000 -0.707107 0.707106
vn  0.000000 -0.965926 -0.258818
vn  0.000000 -2.627993 -0.704166
vn  0.000000 -1.923828 1.923826
vn  0.000000 -0.258819 -0.965926
vn  0.000000 -0.704170 -2.627994
vn  0.000000 0.707107 -0.707107
vn  0.000000 1.923824 -1.923825
vn  0.000000 0.965926 0.258819
vn  0.000000 2.627993 0.704170
vn  0.000000 0.258818 0.965926
vn  0.000000 0.704164 2.627993
vn  0.000000 -1.000000 0.000000
vn  0.000000 -0.500001 -0.866025
vn  0.000000 -1.360351 -2.356192
vn  0.000000 -2.720701 -0.000000
vn  0.000000 0.500000 -0.866025
vn  0.000000 1.360349 -2.356195
vn  0.000000 1.000000 0.000000
vn  0.000000 2.720699 -0.000000
vn  0.000000 0.500000 0.866026
vn  0.000000 1.360349 2.356195
vn  0.000000 -0.500001 0.866025
vn  0.000000 -1.360351 2.356192
vn  0.000000 -0.707106 -0.707107
vn  0.000000 0.258819 -0.965926
vn  0.000000 0.704167 -2.627994
vn  0.000000 -1.923824 -1.923828
vn  0.000000 0.965926 -0.258819
vn  0.000000 2.627993 -0.704170
vn  0.000000 0.707107 0.707107
vn  0.000000 1.923824 1.923825
vn  0.000000 -0.258819 0.965926
vn  0.000000 -0.704169 2.627995
vn  0.000000 -0.965926 0.258818
vn  0.000000 -2.627992 0.704166
# 461 vertex normals

g space_cruiser_4
s 1
f 30/59/30 35/145/35 36/146/36
f 36/146/36 29/54/29 30/59/30
f 10/19/10 18/35/18 20/37/20
s 2
f 6/24/6 11/138/11 10/137/10
f 10/137/10 7/25/7 6/24/6
f 1/4/1 16/130/16 246/33/246
f 246/33/246 243/131/243 1/4/1
s 1
f 3/1/3 15/30/15 17/34/17
f 17/34/17 12/21/12 3/1/3
f 12/21/12 17/34/17 18/35/18
f 18/35/18 11/20/11 12/21/12
s 4
f 14/29/14 246/12/246 16/32/16
f 16/32/16 19/36/19 14/29/14
f 14/29/14 19/36/19 20/37/20
f 20/37/20 13/28/13 14/29/14
s 2
f 2/5/2 3/22/3 12/139/12
f 12/139/12 5/23/5 2/5/2
s 4
f 5/23/5 12/139/12 11/138/11
f 11/138/11 6/24/6 5/23/5
s 8
f 16/130/16 1/4/1 8/135/8
f 8/135/8 9/136/9 16/130/16
s 4
f 9/136/9 8/135/8 7/25/7
f 7/25/7 10/137/10 9/136/9
f 256/27/256 13/28/13 20/37/20
f 20/37/20 18/35/18 256/27/256
f 15/30/15 4/10/4 257/26/257
f 257/26/257 17/34/17 15/30/15
f 257/26/257 256/27/256 18/35/18
f 18/35/18 17/34/17 257/26/257
s 1
f 16/32/16 9/18/9 19/36/19
f 9/18/9 10/19/10 20/37/20
f 20/37/20 19/36/19 9/18/9
f 1/2/1 243/6/243 22/17/22
f 22/17/22 21/16/21 1/2/1
f 2/3/2 5/8/5 25/39/25
f 25/39/25 24/38/24 2/3/2
f 5/8/5 6/9/6 26/41/26
f 26/41/26 25/39/25 5/8/5
f 6/9/6 7/14/7 27/42/27
f 27/42/27 26/41/26 6/9/6
f 7/14/7 8/15/8 28/43/28
f 28/43/28 27/42/27 7/14/7
f 8/15/8 1/2/1 21/16/21
f 21/16/21 28/43/28 8/15/8
s 2
f 21/44/21 22/45/22 30/59/30
f 30/59/30 29/54/29 21/44/21
f 23/40/23 24/60/24 32/140/32
f 32/140/32 31/129/31 23/40/23
s 4
f 24/46/24 25/47/25 33/143/33
f 33/143/33 32/142/32 24/46/24
s 2
f 25/47/25 26/51/26 34/144/34
f 34/144/34 33/143/33 25/47/25
s 32
f 26/51/26 27/52/27 35/145/35
f 35/145/35 34/144/34 26/51/26
s 2
f 27/52/27 28/53/28 36/146/36
f 36/146/36 35/145/35 27/52/27
s 4
f 21/44/21 29/54/29 36/146/36
f 36/146/36 28/53/28 21/44/21
s 8
f 38/57/38 15/31/15 3/11/3
f 3/11/3 39/127/39 38/57/38
s 1
f 40/55/40 2/3/2 24/38/24
s 8
f 37/56/37 4/13/4 15/31/15
f 15/31/15 38/57/38 37/56/37
f 2/7/2 40/128/40 39/127/39
f 39/127/39 3/11/3 2/7/2
f 24/60/24 23/40/23 43/148/43
f 43/148/43 42/147/42 24/60/24
s 1
f 38/50/38 39/132/39 42/134/42
f 42/134/42 43/148/43 38/50/38
s 16
f 42/134/42 39/132/39 40/133/40
f 40/133/40 24/48/24 42/134/42
s 2
f 41/63/41 37/49/37 38/50/38
f 38/50/38 43/148/43 41/63/41
s 1
f 44/64/44 45/65/45 59/120/59
f 59/120/59 58/119/58 44/64/44
f 45/65/45 46/66/46 60/150/60
f 60/150/60 59/120/59 45/65/45
f 46/66/46 47/67/47 61/158/61
f 61/158/61 60/150/60 46/66/46
f 47/67/47 48/68/48 62/156/62
f 62/156/62 61/158/61 47/67/47
f 48/68/48 49/69/49 63/157/63
f 63/157/63 62/156/62 48/68/48
f 49/69/49 50/71/50 64/159/64
f 64/159/64 63/157/63 49/69/49
f 50/71/50 51/153/51 65/160/65
f 65/160/65 64/159/64 50/71/50
f 51/72/51 52/152/52 66/154/66
f 66/154/66 65/161/65 51/72/51
f 52/152/52 53/73/53 67/155/67
f 67/155/67 66/154/66 52/152/52
f 53/73/53 54/74/54 68/162/68
f 68/162/68 67/155/67 53/73/53
f 54/74/54 55/75/55 69/163/69
f 69/163/69 68/162/68 54/74/54
f 55/75/55 56/76/56 70/164/70
f 70/164/70 69/163/69 55/75/55
f 56/76/56 57/149/57 71/151/71
f 71/151/71 70/164/70 56/76/56
f 57/149/57 44/64/44 58/119/58
f 58/119/58 71/151/71 57/149/57
f 97/115/97 98/116/98 99/117/99
f 99/117/99 86/104/86 97/115/97
s 2
f 58/58/58 59/61/59 73/90/73
f 73/90/73 72/89/72 58/58/58
f 59/61/59 60/62/60 74/91/74
f 74/91/74 73/90/73 59/61/59
f 60/62/60 61/78/61 75/93/75
f 75/93/75 74/91/74 60/62/60
f 61/78/61 62/79/62 76/94/76
f 76/94/76 75/93/75 61/78/61
f 62/79/62 63/80/63 77/95/77
f 77/95/77 76/94/76 62/79/62
f 63/80/63 64/81/64 78/96/78
f 78/96/78 77/95/77 63/80/63
f 64/81/64 65/82/65 79/97/79
f 79/97/79 78/96/78 64/81/64
f 65/82/65 66/83/66 80/98/80
f 80/98/80 79/97/79 65/82/65
f 66/83/66 67/84/67 81/99/81
f 81/99/81 80/98/80 66/83/66
f 67/84/67 68/85/68 82/100/82
f 82/100/82 81/99/81 67/84/67
f 68/85/68 69/86/69 83/101/83
f 83/101/83 82/100/82 68/85/68
f 69/86/69 70/87/70 84/102/84
f 84/102/84 83/101/83 69/86/69
f 70/87/70 71/88/71 85/103/85
f 85/103/85 84/102/84 70/87/70
f 71/88/71 58/58/58 72/89/72
f 72/89/72 85/103/85 71/88/71
s 1
f 72/89/72 73/90/73 87/105/87
f 87/105/87 86/104/86 72/89/72
f 73/90/73 74/91/74 88/106/88
f 88/106/88 87/105/87 73/90/73
f 74/91/74 75/93/75 89/107/89
f 89/107/89 88/106/88 74/91/74
f 75/93/75 76/94/76 90/108/90
f 90/108/90 89/107/89 75/93/75
f 76/94/76 77/95/77 91/109/91
f 91/109/91 90/108/90 76/94/76
f 77/95/77 78/96/78 92/110/92
f 92/110/92 91/109/91 77/95/77
f 78/96/78 79/97/79 93/111/93
f 93/111/93 92/110/92 78/96/78
f 79/97/79 80/98/80 94/112/94
f 94/112/94 93/111/93 79/97/79
f 80/98/80 81/99/81 95/113/95
f 95/113/95 94/112/94 80/98/80
f 81/99/81 82/100/82 96/114/96
f 96/114/96 95/113/95 81/99/81
f 82/100/82 83/101/83 97/115/97
f 97/115/97 96/114/96 82/100/82
f 83/101/83 84/102/84 98/116/98
f 98/116/98 97/115/97 83/101/83
f 84/102/84 85/103/85 99/117/99
f 99/117/99 98/116/98 84/102/84
f 85/103/85 72/89/72 86/104/86
f 86/104/86 99/117/99 85/103/85
f 100/70/100 101/77/101 105/118/105
f 105/118/105 104/92/104 100/70/100
s 2
f 101/77/101 103/121/103 107/122/107
f 107/122/107 105/118/105 101/77/101
s 1
f 103/121/103 102/123/102 106/124/106
f 106/124/106 107/122/107 103/121/103
s 2
f 102/125/102 100/70/100 104/92/104
f 104/92/104 106/126/106 102/125/102
s 1
f 32/142/32 33/143/33 34/144/34
f 34/144/34 35/145/35 32/142/32
f 31/141/31 32/142/32 35/145/35
f 35/145/35 30/59/30 31/141/31
f 108/165/108 109/166/109 119/196/119
f 119/196/119 118/195/118 108/165/108
f 109/166/109 110/187/110 120/197/120
f 120/197/120 119/196/119 109/166/109
f 110/187/110 111/181/111 121/198/121
f 121/198/121 120/197/120 110/187/110
f 111/181/111 112/171/112 122/199/122
f 122/199/122 121/198/121 111/181/111
f 112/171/112 113/182/113 123/200/123
f 123/200/123 122/199/122 112/171/112
f 113/201/113 114/183/114 124/203/124
f 124/203/124 123/202/123 113/201/113
f 114/183/114 115/204/115 125/205/125
f 125/205/125 124/203/124 114/183/114
f 115/204/115 116/186/116 126/206/126
f 126/206/126 125/205/125 115/204/115
f 116/186/116 117/207/117 127/216/127
f 127/216/127 126/206/126 116/186/116
f 117/207/117 108/165/108 118/195/118
f 118/195/118 127/216/127 117/207/117
f 135/192/135 136/193/136 129/184/129
f 129/184/129 130/185/130 135/192/135
s 2
f 109/168/109 108/167/108 129/184/129
f 129/184/129 128/180/128 109/168/109
f 108/167/108 117/179/117 130/185/130
f 130/185/130 129/184/129 108/167/108
f 117/179/117 116/178/116 131/188/131
f 131/188/131 130/185/130 117/179/117
f 116/178/116 115/176/115 132/189/132
f 132/189/132 131/188/131 116/178/116
f 115/176/115 114/175/114 133/190/133
f 133/190/133 132/189/132 115/176/115
f 114/175/114 113/174/113 134/191/134
f 134/191/134 133/190/133 114/175/114
f 113/174/113 112/173/112 135/192/135
f 135/192/135 134/191/134 113/174/113
f 112/173/112 111/170/111 136/193/136
f 136/193/136 135/192/135 112/173/112
f 111/170/111 110/169/110 137/194/137
f 137/194/137 136/193/136 111/170/111
f 110/169/110 109/168/109 128/180/128
f 128/180/128 137/194/137 110/169/110
f 120/209/120 121/210/121 118/172/118
f 118/172/118 119/208/119 120/209/120
s 1
f 137/194/137 128/180/128 129/184/129
f 129/184/129 136/193/136 137/194/137
f 131/188/131 134/191/134 135/192/135
f 135/192/135 130/185/130 131/188/131
f 132/189/132 133/190/133 134/191/134
f 134/191/134 131/188/131 132/189/132
s 2
f 122/211/122 127/177/127 118/172/118
f 118/172/118 121/210/121 122/211/122
f 123/212/123 126/215/126 127/177/127
f 127/177/127 122/211/122 123/212/123
f 124/213/124 125/214/125 126/215/126
f 126/215/126 123/212/123 124/213/124
s 1
f 138/217/138 139/218/139 140/219/140
f 140/219/140 141/220/141 138/217/138
f 139/218/139 142/221/142 143/222/143
f 143/222/143 140/219/140 139/218/139
f 142/221/142 144/223/144 145/224/145
f 145/224/145 143/222/143 142/221/142
f 144/225/144 146/226/146 147/227/147
f 147/227/147 145/228/145 144/225/144
f 146/226/146 148/229/148 149/230/149
f 149/230/149 147/227/147 146/226/146
f 148/229/148 138/217/138 141/220/141
f 141/220/141 149/230/149 148/229/148
s 2
f 145/234/145 147/235/147 149/236/149
f 149/236/149 141/231/141 145/234/145
s 1
f 150/237/150 151/238/151 152/239/152
f 152/239/152 153/240/153 150/237/150
f 151/238/151 154/241/154 155/242/155
f 155/242/155 152/239/152 151/238/151
f 154/241/154 156/243/156 157/244/157
f 157/244/157 155/242/155 154/241/154
f 156/245/156 158/246/158 159/247/159
f 159/247/159 157/248/157 156/245/156
f 158/246/158 160/249/160 161/250/161
f 161/250/161 159/247/159 158/246/158
f 160/249/160 150/237/150 153/240/153
f 153/240/153 161/250/161 160/249/160
s 2
f 157/254/157 159/255/159 161/256/161
f 161/256/161 153/251/153 157/254/157
s 1
f 162/257/162 163/258/163 164/259/164
f 164/259/164 165/260/165 162/257/162
f 163/258/163 166/261/166 167/262/167
f 167/262/167 164/259/164 163/258/163
f 166/261/166 168/263/168 169/264/169
f 169/264/169 167/262/167 166/261/166
f 168/265/168 170/266/170 171/267/171
f 171/267/171 169/268/169 168/265/168
f 170/266/170 172/269/172 173/270/173
f 173/270/173 171/267/171 170/266/170
f 172/269/172 162/257/162 165/260/165
f 165/260/165 173/270/173 172/269/172
s 2
f 169/274/169 171/275/171 173/276/173
f 173/276/173 165/271/165 169/274/169
s 1
f 174/277/174 175/278/175 176/279/176
f 176/279/176 177/280/177 174/277/174
f 175/278/175 178/281/178 179/282/179
f 179/282/179 176/279/176 175/278/175
f 178/281/178 180/283/180 181/284/181
f 181/284/181 179/282/179 178/281/178
f 180/285/180 182/286/182 183/287/183
f 183/287/183 181/288/181 180/285/180
f 182/286/182 184/289/184 185/290/185
f 185/290/185 183/287/183 182/286/182
f 184/289/184 174/277/174 177/280/177
f 177/280/177 185/290/185 184/289/184
s 2
f 181/294/181 183/295/183 185/296/185
f 185/296/185 177/291/177 181/294/181
s 1
f 186/297/186 187/298/187 188/299/188
f 188/299/188 189/300/189 186/297/186
f 187/298/187 190/301/190 191/302/191
f 191/302/191 188/299/188 187/298/187
f 190/301/190 192/303/192 193/304/193
f 193/304/193 191/302/191 190/301/190
f 192/305/192 194/306/194 195/307/195
f 195/307/195 193/308/193 192/305/192
f 194/306/194 196/309/196 197/310/197
f 197/310/197 195/307/195 194/306/194
f 196/309/196 186/297/186 189/300/189
f 189/300/189 197/310/197 196/309/196
s 2
f 193/314/193 195/315/195 197/316/197
f 197/316/197 189/311/189 193/314/193
s 1
f 198/317/198 199/318/199 200/319/200
f 200/319/200 201/320/201 198/317/198
f 199/318/199 202/321/202 203/322/203
f 203/322/203 200/319/200 199/318/199
f 202/321/202 204/323/204 205/324/205
f 205/324/205 203/322/203 202/321/202
f 204/325/204 206/326/206 207/327/207
f 207/327/207 205/328/205 204/325/204
f 206/326/206 208/329/208 209/330/209
f 209/330/209 207/327/207 206/326/206
f 208/329/208 198/317/198 201/320/201
f 201/320/201 209/330/209 208/329/208
s 2
f 205/334/205 207/335/207 209/336/209
f 209/336/209 201/331/201 205/334/205
s 1
f 210/337/210 211/338/211 212/339/212
f 212/339/212 213/340/213 210/337/210
f 211/338/211 214/341/214 215/342/215
f 215/342/215 212/339/212 211/338/211
f 214/341/214 216/343/216 217/344/217
f 217/344/217 215/342/215 214/341/214
f 216/345/216 218/346/218 219/347/219
f 219/347/219 217/348/217 216/345/216
f 218/346/218 220/349/220 221/350/221
f 221/350/221 219/347/219 218/346/218
f 220/349/220 210/337/210 213/340/213
f 213/340/213 221/350/221 220/349/220
s 2
f 217/354/217 219/355/219 221/356/221
f 221/356/221 213/351/213 217/354/217
s 1
f 222/357/222 223/358/223 224/359/224
f 224/359/224 225/360/225 222/357/222
f 223/358/223 226/361/226 227/362/227
f 227/362/227 224/359/224 223/358/223
f 226/361/226 228/363/228 229/364/229
f 229/364/229 227/362/227 226/361/226
f 228/365/228 230/366/230 231/367/231
f 231/367/231 229/368/229 228/365/228
f 230/366/230 232/369/232 233/370/233
f 233/370/233 231/367/231 230/366/230
f 232/369/232 222/357/222 225/360/225
f 225/360/225 233/370/233 232/369/232
s 2
f 229/374/229 231/375/231 233/376/233
f 233/376/233 225/371/225 229/374/229
f 140/232/140 143/233/143 145/234/145
f 145/234/145 141/231/141 140/232/140
f 224/372/224 227/373/227 229/374/229
f 229/374/229 225/371/225 224/372/224
f 212/352/212 215/353/215 217/354/217
f 217/354/217 213/351/213 212/352/212
f 200/332/200 203/333/203 205/334/205
f 205/334/205 201/331/201 200/332/200
f 188/312/188 191/313/191 193/314/193
f 193/314/193 189/311/189 188/312/188
f 176/292/176 179/293/179 181/294/181
f 181/294/181 177/291/177 176/292/176
f 164/272/164 167/273/167 169/274/169
f 169/274/169 165/271/165 164/272/164
f 152/252/152 155/253/155 157/254/157
f 157/254/157 153/251/153 152/252/152
s 1
f 91/109/91 92/110/92 93/111/93
f 93/111/93 90/108/90 91/109/91
f 90/108/90 93/111/93 94/112/94
f 94/112/94 89/107/89 90/108/90
f 89/107/89 94/112/94 95/113/95
f 95/113/95 88/106/88 89/107/89
f 88/106/88 95/113/95 96/114/96
f 96/114/96 87/105/87 88/106/88
f 87/105/87 96/114/96 97/115/97
f 97/115/97 86/104/86 87/105/87
s 8
f 23/40/23 41/63/41 43/148/43
s 1
f 10/19/10 11/20/11 18/35/18
f 30/377/30 236/380/236 235/379/235
f 235/379/235 234/378/234 30/377/30
f 237/381/237 239/383/239 238/382/238
s 2
f 241/385/241 240/384/240 237/387/237
f 237/387/237 242/386/242 241/385/241
f 244/389/244 243/388/243 246/391/246
f 246/391/246 245/390/245 244/389/244
s 1
f 248/393/248 247/392/247 250/395/250
f 250/395/250 249/394/249 248/393/248
f 247/392/247 242/396/242 238/382/238
f 238/382/238 250/395/250 247/392/247
s 4
f 14/397/14 251/400/251 245/399/245
f 245/399/245 246/398/246 14/397/14
f 14/397/14 13/401/13 239/383/239
f 239/383/239 251/400/251 14/397/14
s 2
f 253/403/253 252/402/252 247/405/247
f 247/405/247 248/404/248 253/403/253
s 4
f 252/402/252 241/385/241 242/386/242
f 242/386/242 247/405/247 252/402/252
s 8
f 245/390/245 254/406/254 255/407/255
f 255/407/255 244/389/244 245/390/245
s 4
f 254/406/254 237/387/237 240/384/240
f 240/384/240 255/407/255 254/406/254
f 256/408/256 238/382/238 239/383/239
f 239/383/239 13/401/13 256/408/256
f 249/394/249 250/395/250 257/410/257
f 257/410/257 4/409/4 249/394/249
f 257/410/257 250/395/250 238/382/238
f 238/382/238 256/408/256 257/410/257
s 1
f 245/399/245 251/400/251 254/411/254
f 254/411/254 251/400/251 239/383/239
f 239/383/239 237/381/237 254/411/254
f 244/412/244 258/415/258 22/414/22
f 22/414/22 243/413/243 244/412/244
f 253/416/253 260/419/260 259/418/259
f 259/418/259 252/417/252 253/416/253
f 252/417/252 259/418/259 261/421/261
f 261/421/261 241/420/241 252/417/252
f 241/420/241 261/421/261 262/423/262
f 262/423/262 240/422/240 241/420/241
f 240/422/240 262/423/262 263/425/263
f 263/425/263 255/424/255 240/422/240
f 255/424/255 263/425/263 258/415/258
f 258/415/258 244/412/244 255/424/255
s 2
f 258/426/258 236/380/236 30/377/30
f 30/377/30 22/427/22 258/426/258
f 23/428/23 31/431/31 264/430/264
f 264/430/264 260/429/260 23/428/23
s 4
f 260/432/260 264/435/264 265/434/265
f 265/434/265 259/433/259 260/432/260
s 2
f 259/433/259 265/434/265 266/437/266
f 266/437/266 261/436/261 259/433/259
s 32
f 261/436/261 266/437/266 234/378/234
f 234/378/234 262/438/262 261/436/261
s 2
f 262/438/262 234/378/234 235/379/235
f 235/379/235 263/439/263 262/438/262
s 4
f 258/426/258 263/439/263 235/379/235
f 235/379/235 236/380/236 258/426/258
s 8
f 267/440/267 268/443/268 248/442/248
f 248/442/248 249/441/249 267/440/267
s 1
f 269/444/269 260/419/260 253/416/253
s 8
f 37/445/37 267/440/267 249/441/249
f 249/441/249 4/446/4 37/445/37
f 253/447/253 248/442/248 268/443/268
f 268/443/268 269/448/269 253/447/253
f 260/429/260 271/450/271 270/449/270
f 270/449/270 23/428/23 260/429/260
s 1
f 267/452/267 270/449/270 271/451/271
f 271/451/271 268/453/268 267/452/267
s 16
f 271/451/271 260/454/260 269/455/269
f 269/455/269 268/453/268 271/451/271
s 2
f 41/456/41 270/449/270 267/452/267
f 267/452/267 37/457/37 41/456/41
s 1
f 272/458/272 275/461/275 274/460/274
f 274/460/274 273/459/273 272/458/272
f 273/459/273 274/460/274 277/463/277
f 277/463/277 276/462/276 273/459/273
f 276/462/276 277/463/277 279/465/279
f 279/465/279 278/464/278 276/462/276
f 278/464/278 279/465/279 281/467/281
f 281/467/281 280/466/280 278/464/278
f 280/466/280 281/467/281 283/469/283
f 283/469/283 282/468/282 280/466/280
f 282/468/282 283/469/283 285/471/285
f 285/471/285 284/470/284 282/468/282
f 284/470/284 285/471/285 287/473/287
f 287/473/287 286/472/286 284/470/284
f 286/474/286 287/477/287 289/476/289
f 289/476/289 288/475/288 286/474/286
f 288/475/288 289/476/289 291/479/291
f 291/479/291 290/478/290 288/475/288
f 290/478/290 291/479/291 293/481/293
f 293/481/293 292/480/292 290/478/290
f 292/480/292 293/481/293 295/483/295
f 295/483/295 294/482/294 292/480/292
f 294/482/294 295/483/295 297/485/297
f 297/485/297 296/484/296 294/482/294
f 296/484/296 297/485/297 299/487/299
f 299/487/299 298/486/298 296/484/296
f 298/486/298 299/487/299 275/461/275
f 275/461/275 272/458/272 298/486/298
f 301/489/301 300/488/300 303/491/303
f 303/491/303 302/490/302 301/489/301
s 2
f 275/492/275 305/495/305 304/494/304
f 304/494/304 274/493/274 275/492/275
f 274/493/274 304/494/304 306/497/306
f 306/497/306 277/496/277 274/493/274
f 277/496/277 306/497/306 307/499/307
f 307/499/307 279/498/279 277/496/277
f 279/498/279 307/499/307 308/501/308
f 308/501/308 281/500/281 279/498/279
f 281/500/281 308/501/308 309/503/309
f 309/503/309 283/502/283 281/500/281
f 283/502/283 309/503/309 310/505/310
f 310/505/310 285/504/285 283/502/283
f 285/504/285 310/505/310 311/507/311
f 311/507/311 287/506/287 285/504/285
f 287/506/287 311/507/311 312/509/312
f 312/509/312 289/508/289 287/506/287
f 289/508/289 312/509/312 313/511/313
f 313/511/313 291/510/291 289/508/289
f 291/510/291 313/511/313 314/513/314
f 314/513/314 293/512/293 291/510/291
f 293/512/293 314/513/314 315/515/315
f 315/515/315 295/514/295 293/512/293
f 295/514/295 315/515/315 316/517/316
f 316/517/316 297/516/297 295/514/295
f 297/516/297 316/517/316 317/519/317
f 317/519/317 299/518/299 297/516/297
f 299/518/299 317/519/317 305/495/305
f 305/495/305 275/492/275 299/518/299
s 1
f 305/495/305 300/488/300 318/520/318
f 318/520/318 304/494/304 305/495/305
f 304/494/304 318/520/318 319/521/319
f 319/521/319 306/497/306 304/494/304
f 306/497/306 319/521/319 320/522/320
f 320/522/320 307/499/307 306/497/306
f 307/499/307 320/522/320 321/523/321
f 321/523/321 308/501/308 307/499/307
f 308/501/308 321/523/321 322/524/322
f 322/524/322 309/503/309 308/501/308
f 309/503/309 322/524/322 323/525/323
f 323/525/323 310/505/310 309/503/309
f 310/505/310 323/525/323 324/526/324
f 324/526/324 311/507/311 310/505/310
f 311/507/311 324/526/324 325/527/325
f 325/527/325 312/509/312 311/507/311
f 312/509/312 325/527/325 326/528/326
f 326/528/326 313/511/313 312/509/312
f 313/511/313 326/528/326 327/529/327
f 327/529/327 314/513/314 313/511/313
f 314/513/314 327/529/327 301/489/301
f 301/489/301 315/515/315 314/513/314
f 315/515/315 301/489/301 302/490/302
f 302/490/302 316/517/316 315/515/315
f 316/517/316 302/490/302 303/491/303
f 303/491/303 317/519/317 316/517/316
f 317/519/317 303/491/303 300/488/300
f 300/488/300 305/495/305 317/519/317
f 328/530/328 331/533/331 330/532/330
f 330/532/330 329/531/329 328/530/328
s 2
f 329/531/329 330/532/330 333/535/333
f 333/535/333 332/534/332 329/531/329
s 1
f 332/534/332 333/535/333 335/537/335
f 335/537/335 334/536/334 332/534/332
s 2
f 334/538/334 335/539/335 331/533/331
f 331/533/331 328/530/328 334/538/334
s 1
f 264/435/264 234/378/234 266/437/266
f 266/437/266 265/434/265 264/435/264
f 31/540/31 30/377/30 234/378/234
f 234/378/234 264/435/264 31/540/31
f 336/541/336 339/544/339 338/543/338
f 338/543/338 337/542/337 336/541/336
f 337/542/337 338/543/338 341/546/341
f 341/546/341 340/545/340 337/542/337
f 340/545/340 341/546/341 343/548/343
f 343/548/343 342/547/342 340/545/340
f 342/547/342 343/548/343 345/550/345
f 345/550/345 344/549/344 342/547/342
f 344/549/344 345/550/345 347/552/347
f 347/552/347 346/551/346 344/549/344
f 346/553/346 347/556/347 349/555/349
f 349/555/349 348/554/348 346/553/346
f 348/554/348 349/555/349 351/558/351
f 351/558/351 350/557/350 348/554/348
f 350/557/350 351/558/351 353/560/353
f 353/560/353 352/559/352 350/557/350
f 352/559/352 353/560/353 355/562/355
f 355/562/355 354/561/354 352/559/352
f 354/561/354 355/562/355 339/544/339
f 339/544/339 336/541/336 354/561/354
f 357/564/357 356/563/356 359/566/359
f 359/566/359 358/565/358 357/564/357
s 2
f 337/567/337 360/569/360 359/566/359
f 359/566/359 336/568/336 337/567/337
f 336/568/336 359/566/359 356/563/356
f 356/563/356 354/570/354 336/568/336
f 354/570/354 356/563/356 361/572/361
f 361/572/361 352/571/352 354/570/354
f 352/571/352 361/572/361 362/574/362
f 362/574/362 350/573/350 352/571/352
f 350/573/350 362/574/362 363/576/363
f 363/576/363 348/575/348 350/573/350
f 348/575/348 363/576/363 364/578/364
f 364/578/364 346/577/346 348/575/348
f 346/577/346 364/578/364 357/564/357
f 357/564/357 344/579/344 346/577/346
f 344/579/344 357/564/357 358/565/358
f 358/565/358 342/580/342 344/579/344
f 342/580/342 358/565/358 365/582/365
f 365/582/365 340/581/340 342/580/342
f 340/581/340 365/582/365 360/569/360
f 360/569/360 337/567/337 340/581/340
f 341/584/341 338/583/338 339/586/339
f 339/586/339 343/585/343 341/584/341
s 1
f 365/582/365 358/565/358 359/566/359
f 359/566/359 360/569/360 365/582/365
f 361/572/361 356/563/356 357/564/357
f 357/564/357 364/578/364 361/572/361
f 362/574/362 361/572/361 364/578/364
f 364/578/364 363/576/363 362/574/362
s 2
f 345/587/345 343/585/343 339/586/339
f 339/586/339 355/588/355 345/587/345
f 347/589/347 345/587/345 355/588/355
f 355/588/355 353/590/353 347/589/347
f 349/591/349 347/589/347 353/590/353
f 353/590/353 351/592/351 349/591/349
s 1
f 366/593/366 369/596/369 368/595/368
f 368/595/368 367/594/367 366/593/366
f 367/594/367 368/595/368 371/598/371
f 371/598/371 370/597/370 367/594/367
f 370/597/370 371/598/371 373/600/373
f 373/600/373 372/599/372 370/597/370
f 372/601/372 373/604/373 375/603/375
f 375/603/375 374/602/374 372/601/372
f 374/602/374 375/603/375 377/606/377
f 377/606/377 376/605/376 374/602/374
f 376/605/376 377/606/377 369/596/369
f 369/596/369 366/593/366 376/605/376
s 2
f 373/608/373 369/607/369 377/610/377
f 377/610/377 375/609/375 373/608/373
s 1
f 378/611/378 381/614/381 380/613/380
f 380/613/380 379/612/379 378/611/378
f 379/612/379 380/613/380 383/616/383
f 383/616/383 382/615/382 379/612/379
f 382/615/382 383/616/383 385/618/385
f 385/618/385 384/617/384 382/615/382
f 384/619/384 385/622/385 387/621/387
f 387/621/387 386/620/386 384/619/384
f 386/620/386 387/621/387 389/624/389
f 389/624/389 388/623/388 386/620/386
f 388/623/388 389/624/389 381/614/381
f 381/614/381 378/611/378 388/623/388
s 2
f 385/626/385 381/625/381 389/628/389
f 389/628/389 387/627/387 385/626/385
s 1
f 390/629/390 393/632/393 392/631/392
f 392/631/392 391/630/391 390/629/390
f 391/630/391 392/631/392 395/634/395
f 395/634/395 394/633/394 391/630/391
f 394/633/394 395/634/395 397/636/397
f 397/636/397 396/635/396 394/633/394
f 396/637/396 397/640/397 399/639/399
f 399/639/399 398/638/398 396/637/396
f 398/638/398 399/639/399 401/642/401
f 401/642/401 400/641/400 398/638/398
f 400/641/400 401/642/401 393/632/393
f 393/632/393 390/629/390 400/641/400
s 2
f 397/644/397 393/643/393 401/646/401
f 401/646/401 399/645/399 397/644/397
s 1
f 402/647/402 405/650/405 404/649/404
f 404/649/404 403/648/403 402/647/402
f 403/648/403 404/649/404 407/652/407
f 407/652/407 406/651/406 403/648/403
f 406/651/406 407/652/407 409/654/409
f 409/654/409 408/653/408 406/651/406
f 408/655/408 409/658/409 411/657/411
f 411/657/411 410/656/410 408/655/408
f 410/656/410 411/657/411 413/660/413
f 413/660/413 412/659/412 410/656/410
f 412/659/412 413/660/413 405/650/405
f 405/650/405 402/647/402 412/659/412
s 2
f 409/662/409 405/661/405 413/664/413
f 413/664/413 411/663/411 409/662/409
s 1
f 414/665/414 417/668/417 416/667/416
f 416/667/416 415/666/415 414/665/414
f 415/666/415 416/667/416 419/670/419
f 419/670/419 418/669/418 415/666/415
f 418/669/418 419/670/419 421/672/421
f 421/672/421 420/671/420 418/669/418
f 420/673/420 421/676/421 423/675/423
f 423/675/423 422/674/422 420/673/420
f 422/674/422 423/675/423 425/678/425
f 425/678/425 424/677/424 422/674/422
f 424/677/424 425/678/425 417/668/417
f 417/668/417 414/665/414 424/677/424
s 2
f 421/680/421 417/679/417 425/682/425
f 425/682/425 423/681/423 421/680/421
s 1
f 426/683/426 429/686/429 428/685/428
f 428/685/428 427/684/427 426/683/426
f 427/684/427 428/685/428 431/688/431
f 431/688/431 430/687/430 427/684/427
f 430/687/430 431/688/431 433/690/433
f 433/690/433 432/689/432 430/687/430
f 432/691/432 433/694/433 435/693/435
f 435/693/435 434/692/434 432/691/432
f 434/692/434 435/693/435 437/696/437
f 437/696/437 436/695/436 434/692/434
f 436/695/436 437/696/437 429/686/429
f 429/686/429 426/683/426 436/695/436
s 2
f 433/698/433 429/697/429 437/700/437
f 437/700/437 435/699/435 433/698/433
s 1
f 438/701/438 441/704/441 440/703/440
f 440/703/440 439/702/439 438/701/438
f 439/702/439 440/703/440 443/706/443
f 443/706/443 442/705/442 439/702/439
f 442/705/442 443/706/443 445/708/445
f 445/708/445 444/707/444 442/705/442
f 444/709/444 445/712/445 447/711/447
f 447/711/447 446/710/446 444/709/444
f 446/710/446 447/711/447 449/714/449
f 449/714/449 448/713/448 446/710/446
f 448/713/448 449/714/449 441/704/441
f 441/704/441 438/701/438 448/713/448
s 2
f 445/716/445 441/715/441 449/718/449
f 449/718/449 447/717/447 445/716/445
s 1
f 450/719/450 453/722/453 452/721/452
f 452/721/452 451/720/451 450/719/450
f 451/720/451 452/721/452 455/724/455
f 455/724/455 454/723/454 451/720/451
f 454/723/454 455/724/455 457/726/457
f 457/726/457 456/725/456 454/723/454
f 456/727/456 457/730/457 459/729/459
f 459/729/459 458/728/458 456/727/456
f 458/728/458 459/729/459 461/732/461
f 461/732/461 460/731/460 458/728/458
f 460/731/460 461/732/461 453/722/453
f 453/722/453 450/719/450 460/731/460
s 2
f 457/734/457 453/733/453 461/736/461
f 461/736/461 459/735/459 457/734/457
f 368/737/368 369/607/369 373/608/373
f 373/608/373 371/738/371 368/737/368
f 452/739/452 453/733/453 457/734/457
f 457/734/457 455/740/455 452/739/452
f 440/741/440 441/715/441 445/716/445
f 445/716/445 443/742/443 440/741/440
f 428/743/428 429/697/429 433/698/433
f 433/698/433 431/744/431 428/743/428
f 416/745/416 417/679/417 421/680/421
f 421/680/421 419/746/419 416/745/416
f 404/747/404 405/661/405 409/662/409
f 409/662/409 407/748/407 404/747/404
f 392/749/392 393/643/393 397/644/397
f 397/644/397 395/750/395 392/749/392
f 380/751/380 381/625/381 385/626/385
f 385/626/385 383/752/383 380/751/380
s 1
f 322/524/322 321/523/321 324/526/324
f 324/526/324 323/525/323 322/524/322
f 321/523/321 320/522/320 325/527/325
f 325/527/325 324/526/324 321/523/321
f 320/522/320 319/521/319 326/528/326
f 326/528/326 325/527/325 320/522/320
f 319/521/319 318/520/318 327/529/327
f 327/529/327 326/528/326 319/521/319
f 318/520/318 300/488/300 301/489/301
f 301/489/301 327/529/327 318/520/318
s 8
f 23/428/23 270/449/270 41/456/41
s 1
f 237/381/237 238/382/238 242/396/242
# 734 faces

g
